       -12          0          0          0          0          0          0          0          0          0          0          0          0          0          0          0          0          0          0          0          0          0          0          0          0          0          0          0          0          0          0          0          0          0          0          0          0          0          0          0          0          0          0 
   -11.891          0          0          0          0          0          0          0          0          0          0          0          0          0          0          0          0          0          0          0          0          0          0          0          0          0          0          0          0          0          0          0          0          0          0          0          0          0          0          0          0          0          0 
   -11.783          0          0          0          0          0          0          0          0          0          0          0          0          0          0          0          0          0          0          0          0          0          0          0          0          0          0          0          0          0          0          0          0          0          0          0          0          0          0          0          0          0          0 
   -11.674          0          0          0          0          0          0          0          0          0          0          0          0          0          0          0          0          0          0          0          0          0          0          0          0          0          0          0          0          0          0          0          0          0          0          0          0          0          0          0          0          0          0 
   -11.566          0          0          0          0          0          0          0          0          0          0          0          0          0          0          0          0          0          0          0          0          0          0          0          0          0          0          0          0          0          0          0          0          0          0          0          0          0          0          0          0          0          0 
   -11.457          0          0          0          0          0          0          0          0          0          0          0          0          0          0          0          0          0          0          0          0          0          0          0          0          0          0          0          0          0          0          0          0          0          0          0          0          0          0          0          0          0          0 
   -11.349          0          0          0          0          0          0          0          0          0          0          0          0          0          0          0          0          0          0          0          0          0          0          0          0          0          0          0          0          0          0          0          0          0          0          0          0          0          0          0          0          0          0 
    -11.24          0          0          0          0          0          0          0          0          0          0          0          0          0          0          0          0          0          0          0          0          0          0          0          0          0          0          0          0          0          0          0          0          0          0          0          0          0          0          0          0          0          0 
   -11.131          0          0          0          0          0          0          0          0          0          0          0          0          0          0          0          0          0          0          0          0          0          0          0          0          0          0          0          0          0          0          0          0          0          0          0          0          0          0          0          0          0          0 
   -11.023          0          0          0          0          0          0          0 1.3327e-07     8.8308 1.0163e-06     3.8273    0.78341    0.47826          0 9.9794e-08     8.9262 1.1251e-06     3.9427    0.63867    0.18926          0 5.5433e-05     2.8126 7.7985e-07     3.9427    0.68555  0.0002006          0  6.886e-06     5.2257 1.9753e-06      3.865     0.2793    0.60485          0  1.242e-08      11.98 8.5681e-07     3.9426    0.61911    0.15532          0 
   -10.914 2.4296e-05     4.4802 1.0114e-07     3.7614    0.13477     2.7883          0 7.1306e-05      2.817 3.5452e-07     3.3385    0.91187    0.23508          0 1.8246e-06     6.8112 7.3962e-07     3.6218    0.12967     2.8099          0  0.0002147     1.6407 8.7563e-07     3.9168    0.69336    0.16798          0          0          0          0          0          0          0          0 2.5346e-20     39.206 3.6557e-06     3.7355    0.25977    0.55115          0 
   -10.806  5.215e-13     22.481 2.2819e-07     3.1399    0.12305     1.1122          0 3.5488e-10     15.941 1.3337e-06     3.4316    0.48863    0.77038          0 8.4782e-08      9.534 1.4776e-06       3.86    0.69681    0.21863          0 0.00010015     2.7101 1.0641e-06     3.9164    0.32642    0.19895          0 1.1052e-11     19.132 2.7487e-06     3.7614    0.49795    0.20169          0  5.774e-08     10.864 2.0181e-06     3.8391    0.77148    0.51325          0 
   -10.697 8.5578e-05     4.0811 1.2222e-06     3.8392    0.24437    0.65423          0  0.0016899    0.31799 8.7185e-07     3.8198    0.31184    0.80378          0 0.00027208     1.4963 3.4251e-06     3.7095    0.76759    0.94574          0 4.6976e-07     8.6229 1.5213e-06     3.7928    0.18969    0.25398          0 1.1764e-10     17.523 6.8066e-06     3.6541    0.26185    0.65204          0  0.0038286  0.0024991 5.6101e-07     4.1239    0.27149    0.24125          0 
   -10.589  3.269e-13     23.387   8.29e-06     3.7354    0.46687    0.58011          0  6.155e-06     6.2018 2.0418e-06     3.5699    0.71716     2.7899          0  9.978e-05     3.4339 2.1689e-06     3.7145    0.57807     1.2142          0 2.4639e-05     4.4154 2.9135e-06     3.7614    0.27556   0.050219          0 0.00043335      1.938 4.7843e-06     3.6837    0.68946      0.293          0          0          0          0          0          0          0          0 
    -10.48  0.0005793      2.461 4.4955e-07     3.3424    0.15511    0.57465          0  0.0039816    0.40374 1.6685e-06     3.7734    0.32526     1.0031          0 0.00090921    0.83397 4.0296e-06     3.5026    0.79724    0.30038          0  0.0013797    0.61704 1.8577e-06      3.784    0.72855    0.19603          0 0.00051057     2.7144 6.4559e-06     3.6361    0.65168     0.2939          0 1.2985e-07     11.396 9.0992e-06     3.5542    0.64314    0.42021          0 
   -10.371  0.0025423     1.6157 2.2269e-06     3.5381    0.38955     1.0924          0  0.0028212     1.2525 1.0044e-06     3.0391    0.18156      1.287          0 1.6521e-05     5.0674 7.4617e-06     3.6428    0.45365    0.34327          0  0.0010442     1.6144 8.4982e-06     3.5886    0.54247    0.27447          0 0.00029281      3.047 6.1765e-06     3.5962    0.28669    0.15442          0  0.0071949   0.067612 2.2562e-06     3.7873    0.20898    0.33867          0 
   -10.263 0.00056273     3.9732 1.0507e-06     3.0065     0.2807     2.5409          0 0.00049872     2.7593 7.3473e-06     3.4304     0.7002     1.2313          0  0.0012809     2.3108  6.354e-06     3.1879    0.72883    0.95435          0  0.0064994    0.90467 8.8141e-06     3.4424    0.48648    0.61258          0  0.0068088     1.0383 6.6175e-06     3.5161    0.51073     1.3521          0  0.0015274     1.7933 6.8013e-06     3.5542    0.74414    0.47372          0 
   -10.154   0.023044    0.62315 2.9902e-06     3.4519    0.75438     1.4514          0   0.012348     1.0029 5.1687e-06     2.9741    0.48056     1.6706          0   0.016618     0.6497 6.5457e-06     3.0064    0.40403     2.1251          0   0.017539    0.73426 1.5025e-05     3.4159    0.45124     1.5916          0  0.0010283     2.9948  2.105e-05     3.4123    0.43598    0.48254          0  0.0054203     1.3518 2.8251e-05     3.3553    0.49197    0.30286          0 
   -10.046  0.0094517     1.4763 1.2531e-06     2.8249    0.66717     1.4788          0    0.03074    0.86813 9.5022e-06     3.2047    0.51936     1.5613          0   0.020557    0.99462 1.6833e-05     3.2563    0.64829      1.325          0  0.0066385     1.2616 6.4915e-05     3.1846    0.53248    0.31967          0  0.0065208    0.93935 2.3944e-05     3.4671    0.67004     0.6029          0   0.023985    0.62138 3.2243e-05     3.3729    0.69579    0.48039          0 
   -9.9371   0.025741     1.2215 1.7918e-05     3.0826    0.67679     2.0583          0   0.038368     1.1059 1.7182e-05     3.1731    0.52911     1.3917          0   0.037676     0.7848 2.9811e-05     3.0784    0.59019     1.4457          0   0.017624     1.3057 5.1703e-05     3.1519    0.48062     1.2782          0   0.011402     1.4203 6.1954e-05     3.1323     0.6654    0.63286          0   0.015669    0.73976 3.8199e-05     3.2503    0.26242     0.6209          0 
   -9.8285    0.13744     1.0167 1.5886e-05     2.8485    0.44985     1.8769          0   0.045642     1.2387 2.8282e-05     2.9352    0.58273     1.6577 7.3117e-16   0.070274     0.7785  3.671e-05     3.0657     0.5379     1.6456          0    0.04427    0.81459 5.4842e-05      3.086    0.51712     1.1494          0   0.031615    0.86259 3.4265e-05      3.065    0.81676      1.439          0    0.02158     1.3738 4.9078e-05     3.0023    0.77124     1.2448          0 
     -9.72    0.13107    0.90698 3.7438e-06     2.7263    0.53146     1.7855          0    0.17644     0.8202 1.7985e-05     2.8596    0.54655      1.839          0     0.1062    0.75458 5.6667e-05     2.8373    0.52041     1.8712 3.1657e-13   0.089956    0.95734 7.1763e-05     2.9357    0.49145     1.4311          0   0.046505    0.91835 5.0312e-05     3.0584    0.47146     1.6942          0   0.037802    0.88189 6.7399e-05     3.0371    0.62528    0.46728          0 
   -9.6114     0.3918    0.72597  1.227e-05     2.9107    0.57198     1.4939          0    0.19287     1.0056  3.109e-05     2.6884    0.45798     1.7471          0    0.23049    0.94316 5.9097e-05     2.7451    0.58829     1.6941          0    0.12979    0.97948 9.3614e-05     2.7856    0.52167     1.3746          0    0.05987       1.29 8.2095e-05     2.7721    0.58137     1.7103          0    0.14636    0.80498 0.00011336     2.8247    0.53652    0.81071 4.7089e-07 
   -9.5028    0.62864    0.78684 2.4124e-05     2.5241    0.56204     1.9799          0    0.55399     0.9083 3.5599e-05     2.5861    0.59407     1.6967          0    0.44874    0.88052 5.3024e-05     2.6403    0.50858     1.8259 2.0762e-09     0.2763    0.97081 9.5036e-05     2.6987    0.55492      1.546  4.166e-10    0.30752    0.92019 8.7037e-05     2.7706    0.47255     1.4309 2.6438e-12    0.20944     1.2137 0.00012615     2.7803    0.51417    0.83809 1.7296e-09 
   -9.3942    0.83116    0.97021 1.5425e-05     2.4948    0.50908     1.6923          0    0.86686    0.97313 3.9971e-05     2.5509    0.52261     1.6494 4.7074e-05    0.84229    0.88863 5.4767e-05     2.5488    0.57896     1.6763 1.7937e-09    0.70573    0.86013 9.3739e-05     2.6038    0.53005     1.5799 1.6036e-16    0.49537    0.97479  0.0001101     2.6451    0.51202     1.4536 1.0241e-18    0.35256     1.1831 0.00013681     2.6395    0.50968     1.3538          0 
   -9.2857     1.9717    0.82433 7.9017e-06     2.3518    0.52137     1.7636 1.5404e-12      1.589    0.99657 3.0092e-05     2.3887    0.53702     1.8304          0     1.6596    0.97636 5.8163e-05     2.4773    0.55178     1.7667 1.2339e-07     1.1326      1.009 9.8593e-05     2.5046    0.53487     1.6361 6.1509e-06     1.0257    0.97949 0.00012297     2.5711    0.52509      1.425 3.6929e-06     1.0414     0.9111 0.00013052     2.6028    0.56381     1.3874          0 
   -9.1771     3.4238    0.98382 2.0452e-05     2.3545    0.53752     1.8108 5.7219e-07     3.5213    0.94401 3.2393e-05     2.3684     0.5307     1.7323 1.6003e-06     3.0275    0.96788 6.5198e-05      2.371    0.54192     1.7437 3.7031e-05     2.4169    0.96439 0.00010354     2.4495    0.54064      1.595 7.2003e-07     2.0512    0.99629 0.00012941     2.5065    0.55047     1.5577 2.1387e-16     2.0899      1.002 0.00014436     2.5145     0.5208     1.5204 4.6177e-08 
   -9.0685     7.5347    0.95443  1.732e-05     2.2826    0.54306      1.734 4.7251e-05     6.9688    0.91066 2.8398e-05     2.2854    0.54544     1.7957 4.8848e-06     5.8992     0.9325 6.1265e-05     2.3113    0.54226     1.7429 3.1048e-06     5.0949    0.94498 0.00010263     2.3385     0.5358     1.7608 4.5852e-08     4.2513    0.93914 0.00014373     2.4247    0.53858     1.5285 1.2813e-07     3.9528    0.97788 0.00016043     2.4568    0.53631     1.5527 1.7389e-05 
   -8.9599     15.137    0.94596 1.5824e-05      2.195    0.54385     1.7889 7.9983e-06     13.074    0.94862 2.8395e-05     2.2132    0.53851     1.8104  1.762e-05     11.593    0.93013 6.4121e-05     2.2378    0.53973     1.7789 1.9176e-05      9.579    0.94579 0.00011234     2.2595    0.54549     1.7727 2.7698e-05     9.0824     0.9554 0.00015217     2.2966    0.54851     1.7388 7.4955e-06     8.0067    0.98761 0.00016576     2.3189    0.54045     1.7632 4.2893e-06 
   -8.8514     28.828    0.89949 1.8452e-05     2.1462    0.54452     1.7728 2.2865e-06      25.36    0.94539 3.1248e-05     2.1295    0.54114     1.7863 1.0253e-05     22.177    0.91062 6.7696e-05     2.1343     0.5355     1.8264 2.4897e-05     18.584    0.93065 0.00012502     2.1662    0.54667     1.8233 3.9145e-05     17.767    0.92506 0.00016864     2.1869    0.54899      1.861 1.0924e-06     16.545    0.96882 0.00017742     2.2026    0.54264     1.8186 8.5158e-07 
   -8.7428     52.774     0.8534 2.4094e-05      2.049    0.54182     1.8047  3.377e-06     48.975    0.85575 3.6241e-05     2.0466    0.54277     1.8201 3.3643e-06     42.113    0.86873 7.4242e-05     2.0487    0.54731     1.8565 5.1232e-05     37.434    0.87687 0.00013486     2.0634     0.5501      1.887 5.3563e-06     33.703    0.90818 0.00017739     2.0676    0.54688     1.8928 7.7339e-06     32.029    0.89233 0.00019286     2.0689    0.54918     1.9341 3.6683e-06 
   -8.6342     88.731    0.76188 3.1939e-05     1.9307    0.56211     1.8605 3.3834e-06     84.863    0.78482 4.2918e-05     1.9445    0.55289     1.8786 8.7686e-06     73.913    0.82191   8.26e-05     1.9397    0.55069     1.9325 7.6807e-06     64.894    0.83514 0.00014873     1.9388    0.54962     1.9583 2.7552e-05     60.811    0.84719 0.00019276     1.9336    0.55137     2.0097 2.8518e-05      61.95    0.83367 0.00020861      1.946    0.55448     2.0172 8.3164e-06 
   -8.5256     140.01    0.60192 4.1625e-05     1.8304    0.56403      1.926 1.0285e-05      135.1    0.67032 5.1042e-05     1.8296    0.55965     1.9929 1.1957e-05     125.72    0.71769 9.1724e-05     1.8328    0.55314     2.0545 1.5401e-05     114.09    0.74324 0.00016102      1.813    0.54987     2.1465 1.0002e-05     108.33     0.7416 0.00020825     1.8155    0.54875     2.1705 1.0887e-05      102.8    0.74727  0.0002233      1.811    0.55081     2.1739 2.4004e-05 
   -8.4171     186.75    0.44562 4.9779e-05     1.7245    0.57103     2.0361 7.8555e-06     194.14    0.54503  5.843e-05     1.7297    0.56629     2.1699 2.0097e-05      192.3    0.61298 9.8036e-05     1.7193    0.56126     2.2496 1.9978e-05     180.27     0.6553 0.00017318     1.6977    0.55616     2.3549 2.7894e-05     168.88    0.65973 0.00022251     1.6963    0.55196     2.3656 1.4276e-05     165.88    0.65417  0.0002375     1.6925    0.55469     2.4218 2.4708e-05 
   -8.3085     215.34    0.30728 5.5951e-05     1.6409    0.57373     2.2206 3.6053e-05     249.44    0.42907 6.3834e-05     1.6372     0.5673     2.3832 1.8687e-05     267.74    0.53197 0.00010324     1.6142    0.55941     2.5134 1.2271e-05     265.34    0.57883 0.00018461     1.5881    0.55612     2.6254 3.2174e-05     251.48    0.60185 0.00023723      1.579    0.55142     2.6981 1.7184e-05     249.16    0.59252 0.00025334     1.5827    0.55449     2.6965 1.8327e-05 
   -8.1999     222.16    0.18817 6.0711e-05     1.5774    0.56501     2.4262 7.9303e-06     295.93    0.30918 6.8138e-05     1.5578    0.56523     2.5672 3.8184e-05     352.02    0.42473 0.00010766     1.5301    0.56172     2.7448 2.0023e-05     363.78    0.49392 0.00019399     1.4961    0.55636     2.9192 2.6053e-05     354.71    0.51234 0.00025512     1.4841    0.55284     3.0116 3.9278e-05     347.49    0.51769 0.00027375     1.4743    0.55102     3.0731 2.5732e-05 
   -8.0913     205.58   0.098611 6.2897e-05     1.5386    0.56178     2.5364 5.5636e-05     309.81    0.18701 7.0939e-05     1.5093    0.56156     2.7539 3.4364e-05     416.96    0.28617 0.00011084      1.469    0.55818     2.9601 2.5299e-05     456.74    0.35395 0.00020496      1.436    0.55509     3.1836  1.968e-05      455.1    0.36926 0.00027126     1.4179    0.54951     3.3206 1.6936e-05     440.58    0.35905 0.00029232      1.414    0.54861      3.363 3.4168e-05 
   -7.9828     174.53   0.045002 6.4917e-05     1.5109    0.56584     2.6689 3.7706e-05     290.97    0.09839 7.2529e-05     1.4742    0.55947     2.8685 5.6002e-05     429.39    0.16077 0.00011337     1.4321     0.5565     3.0629 4.2214e-05     502.32    0.20118 0.00020991     1.4033     0.5549     3.3303  2.867e-05     510.53    0.21412 0.00028442     1.3798    0.54731     3.5546 4.4588e-05     482.37    0.20235 0.00030526     1.3765    0.54305     3.6054 3.9629e-05 
   -7.8742     136.45   0.019348 6.5636e-05     1.4853    0.55997     2.6808 0.00014052     250.49   0.045404 7.3481e-05     1.4514    0.55764     2.9022 7.7824e-05     395.44   0.077052 0.00011528     1.4102    0.55511     3.1114  6.345e-05     473.15   0.098278 0.00021524     1.3803    0.55351     3.4612 3.1148e-05     489.52    0.10362 0.00029205     1.3597     0.5433     3.6615 4.8339e-05     471.41   0.098079 0.00031391     1.3568    0.54071     3.7353  3.113e-05 
   -7.7656     100.53  0.0077589 6.6258e-05     1.4661    0.56115     2.7723 0.00041564     198.76   0.019144 7.3262e-05     1.4326     0.5571     2.9296 0.00015524     333.25   0.032707 0.00011553     1.3945    0.55381      3.156 0.00011925     414.15   0.042437 0.00021689     1.3656    0.55167      3.512  0.0001032     429.71   0.045119 0.00029666     1.3466    0.53947     3.7599 7.9635e-05     406.73   0.042402 0.00031911     1.3432    0.53833     3.7757 0.00010126 
   -7.6571     71.571  0.0028018 6.6299e-05     1.4508    0.55605     2.7655 0.00042836     149.13  0.0075449 7.3558e-05     1.4206    0.55284     2.9713 0.00034091     258.92   0.013218 0.00011563     1.3808     0.5497     3.1555 0.00019719     328.94   0.016969 0.00021776     1.3531    0.54956     3.5182 0.00021364     341.02   0.018022  0.0003001     1.3338    0.53872     3.8181 0.00018704     321.85   0.016656  0.0003217      1.333    0.53547     3.7855   0.000154 
   -7.5485     47.369  0.0010073 6.6544e-05     1.4392    0.55145     2.8184  0.0014567     106.78   0.002806 7.3346e-05     1.4107    0.55103     2.9393 0.00053058     191.54  0.0050088 0.00011534     1.3719    0.54685     3.1651 0.00039713     242.71  0.0062953  0.0002183     1.3441    0.54922     3.5691 0.00031563     257.04  0.0067571  0.0003022     1.3251    0.53672     3.8038 0.00043254      239.1  0.0063164 0.00032463     1.3258    0.53613      3.845 0.00043956 
   -7.4399     29.763 0.00032522 6.6244e-05     1.4303    0.54834     2.7874   0.003102     72.328 0.00099155 7.3824e-05     1.3993    0.54698      2.999  0.0012386      134.6  0.0017681 0.00011536     1.3642    0.54606     3.1652 0.00063485        168  0.0021979 0.00021803      1.337    0.54615      3.561 0.00074768     179.44  0.0023716 0.00030349     1.3189    0.53457     3.8543 0.00050589     169.66  0.0022182 0.00032624     1.3153     0.5306     3.8761 0.00046058 
   -7.3313     17.176 0.00010138 6.6269e-05     1.4293    0.54497     2.8531  0.0089178      45.12 0.00032645 7.3187e-05     1.3933    0.54618     2.9517  0.0022818     87.378 0.00058076 0.00011418     1.3592    0.54123     3.1659  0.0012874     110.18 0.00072253 0.00021897     1.3314    0.54362     3.5691  0.0011472      120.2 0.00078721 0.00030531     1.3147    0.53339     3.8394  0.0013769     111.18 0.00071516  0.0003262     1.3137    0.53222     3.9024  0.0016033 
   -7.2228     9.2315 2.8135e-05  6.591e-05     1.4348    0.53931     2.8083   0.021498     26.634 9.9193e-05 7.3044e-05     1.3917    0.54208     2.9358  0.0056272     53.728 0.00018281 0.00011441     1.3537    0.53906     3.1454  0.0029054     68.598 0.00021922 0.00021881     1.3271    0.54157     3.5773  0.0027049      74.09  0.0002412 0.00030666      1.311    0.53048     3.8741  0.0035385     69.056 0.00022214 0.00032809     1.3077    0.53042     3.9216  0.0028067 
   -7.1142     4.7809 7.5075e-06 6.5805e-05     1.4736    0.53523     2.8541   0.034074     14.934 2.8528e-05 7.3095e-05     1.3957    0.53736     2.9511   0.013486     30.854 5.2521e-05 0.00011383     1.3532     0.5364     3.1384  0.0071896     39.269 6.3005e-05 0.00021954     1.3227    0.53761     3.5766  0.0063671     42.649 6.8799e-05 0.00030704     1.3102     0.5274     3.8931  0.0057831     40.321  6.418e-05 0.00032937     1.3062    0.52613     3.9121  0.0061022 
   -7.0056     2.4808 1.5224e-06 6.6159e-05      1.613     0.5361     2.8633    0.16068     7.7424 7.3614e-06 7.2788e-05     1.4233    0.53817     2.9275   0.039289     16.508 1.3992e-05 0.00011355     1.3618     0.5338     3.1592   0.017885     21.077 1.6429e-05 0.00021881     1.3282    0.53523     3.5769    0.01633     22.876 1.7874e-05 0.00030745     1.3149    0.52648     3.8723   0.015415     21.416 1.6766e-05 0.00032922     1.3107    0.52639     3.9314   0.014216 
    -6.897     1.2228  2.887e-07 5.9772e-05      1.708    0.52764     2.7184    0.30707     3.9225 1.6658e-06 7.3065e-05     1.4899    0.53331     2.9037    0.11022      8.326 3.3177e-06 0.00011396     1.3879    0.53104     3.1505   0.051139     10.413 3.8255e-06 0.00021775     1.3554    0.53477     3.5581    0.04897     11.427 4.2814e-06 0.00030667      1.342    0.52446     3.8828   0.042091     10.683   4.01e-06  0.0003288     1.3232    0.52391     3.9308   0.034768 
   -6.7885    0.82517 3.3584e-08 6.8535e-05     2.0252    0.51611     2.8315    0.60167     1.9278 3.2455e-07 7.2832e-05     1.6114    0.53663     2.9475    0.23781     4.0345 6.8206e-07 0.00011394     1.4866    0.52922      3.125    0.14206     5.0431 7.9279e-07 0.00021564     1.4257    0.53162     3.5503    0.12312     5.5106 8.9943e-07 0.00030304     1.4105    0.52474     3.8989    0.11749     5.2449 8.0599e-07 0.00032887     1.4226    0.52248     3.9368    0.12799 
   -6.6799    0.69983 2.8973e-09 6.5795e-05     2.2956    0.49581     3.1576    0.84036     1.1788 4.3278e-08 7.4218e-05     1.8473    0.52732     3.0492     0.5136     2.0825  1.102e-07 0.00011477     1.6664    0.52879     3.0921    0.33524     2.5993 1.2682e-07 0.00021543     1.6153    0.53257     3.5669    0.31972     2.8249 1.5082e-07 0.00029479     1.5468    0.52638     3.8229    0.28843     2.7659 1.2982e-07 0.00031468     1.6293    0.52353     3.7855    0.32681 
   -6.5713    0.89008 5.9214e-10 6.0923e-05     2.3163     0.5194     3.2444    0.95922     1.0344 3.3476e-09 7.6927e-05     2.1422    0.52617     3.1765    0.80961     1.3767 1.2304e-08  0.0001198     1.9424    0.52371     3.3092    0.63242     1.7583 1.5083e-08 0.00021666     1.8834    0.52732     3.5746    0.63828     1.8748 1.6008e-08 0.00028167     1.8807    0.52313     3.7817    0.61039     1.8356 1.4267e-08 0.00029832     1.8987    0.51245     3.6891    0.63795 
   -6.4627     1.0225 1.6463e-11 5.9401e-05     2.3624    0.54009     2.9828    0.98778     1.1953 2.2664e-10  8.645e-05     2.2155    0.51526      3.406    0.94874     1.4485 7.8926e-10 0.00011941     2.1187    0.52476     3.1468    0.88747     1.5474 1.1784e-09 0.00020095     2.0711    0.52605     3.4547     0.8662     1.7559 1.3585e-09 0.00026948     2.1029    0.51917     3.8273    0.86698     1.8359 1.0498e-09 0.00027677     2.0744    0.53325     3.6825    0.88278 
   -6.3542     1.3659 9.9993e-13 7.0028e-05     2.4052    0.53704     3.1779    0.99661     1.4119 3.3109e-11 8.2816e-05     2.2807    0.52526     3.4059    0.98791     1.4954 6.9206e-11  0.0001263     2.1191      0.511     3.3761     0.9687     1.8163 1.0344e-10 0.00021378     2.1506    0.52751     3.5457    0.96687     1.9161 1.4029e-10 0.00028174     2.0222     0.5093     3.6113     0.9638       1.95 9.5146e-11 0.00030953      2.108    0.51299     3.7033    0.96728 
   -6.2456     1.3461 1.9043e-13 6.8709e-05     2.2725    0.52991     2.9864    0.99771     1.5372 2.1709e-12 8.1805e-05     2.2125    0.53321     3.4116    0.99724     1.8838 8.4358e-12 0.00012064      2.152    0.52663     3.5028    0.99354     2.3404 1.3497e-11 0.00021573     2.0944    0.53171     3.6674    0.99335     2.5115 1.5059e-11 0.00027051     2.1106    0.51478     3.5161    0.99276     2.6326 9.2831e-12 0.00027175     2.1988     0.5198     3.6238    0.99373 
    -6.137     1.9643 7.8105e-15 7.0789e-05     2.2931    0.51753     3.0125    0.99756     2.1879 1.6743e-13 7.7981e-05     2.1514    0.51716     3.2922    0.99937     2.6018  7.592e-13 0.00012554     2.1137    0.52754     3.5159    0.99883      3.085 1.0463e-12 0.00020738     2.1157    0.51993     3.5359    0.99873     3.2883 1.2781e-12 0.00027754      2.119    0.51139     3.9443    0.99861     3.4673 1.0482e-12  0.0003221     2.1135    0.50766     3.7195    0.99874 
   -6.0285     2.4384 1.9407e-15 7.2376e-05      2.142    0.52808     3.1542    0.99873     2.3844 1.5342e-14 8.1268e-05     2.1464    0.52117     3.1677    0.99974     2.8726 7.4146e-14  0.0001248     2.0158    0.53551     3.4788    0.99969     3.7841 1.2474e-13 0.00021136      2.036    0.53811     3.6574    0.99982     3.9597 1.1427e-13 0.00027024     1.9949    0.52426     3.7834     1.0004      4.024 1.4065e-13 0.00031503     2.0361     0.5188     3.8115    0.99996 
   -5.9199      2.678 2.7855e-16 6.9774e-05     2.0038    0.54512     3.0912    0.99817     2.9657 2.2351e-15 8.4892e-05     2.0717     0.5152      3.495    0.99971     3.7018 6.7885e-15 0.00012702     2.0097    0.52891     3.6906     0.9999     4.4926 1.3561e-14 0.00021596      1.985    0.53768     3.7178    0.99997     5.0056 1.2179e-14 0.00028606     1.9898    0.51145     3.9469    0.99994     5.6427 8.9369e-15 0.00029342      1.982    0.53518     3.6972    0.99993 
   -5.8113     3.3539 1.1038e-16 7.1554e-05     1.9863    0.52196     3.2166    0.99887     3.7164 1.5932e-16 8.1876e-05     2.0191    0.51713     3.4681    0.99988     4.5235 4.6919e-16 0.00012465     1.9718    0.53634     3.6628     1.0001     5.6425 1.0858e-15 0.00021536     1.9481    0.51884     3.8437          1     6.1063 1.1325e-15 0.00029147     1.8928    0.51823     3.7603     1.0001     6.5453 2.8822e-15 0.00030685     1.8487    0.53372     3.8076    0.99998 
   -5.7027     3.6412 5.3139e-17 7.7499e-05     1.9995    0.51529     3.3219    0.99869     4.4793 4.4535e-17 8.3028e-05      1.954    0.52031     3.3986     1.0001     5.5191 7.0505e-17  0.0001265     1.8785    0.53509     3.6373    0.99999     7.3956  1.043e-16 0.00022027     1.8851    0.53123      3.938     1.0001     8.1131  1.585e-16  0.0002834      1.898    0.52893     3.8854    0.99999     9.2721 1.0859e-16 0.00031273     1.8759    0.51287     3.7494     1.0003 
   -5.5942     4.1488 3.1886e-17 7.0787e-05     1.8495     0.5408     3.6377    0.99899     5.3089 1.7317e-17 8.3975e-05     1.8852    0.52074     3.5364    0.99987      6.924 1.7448e-17 0.00012503     1.8414    0.53565     3.5974          1      8.037 2.3304e-17 0.00021827     1.7988    0.52162     4.0083          1      9.751 3.2655e-17  0.0002957     1.8099    0.51564     4.3243          1     10.454  2.224e-17 0.00031355     1.8121    0.52339     3.9908     1.0001 
   -5.4856     4.9492 1.4117e-17 7.2772e-05     1.8019    0.50646     3.2959    0.99912     5.8942 9.0299e-18 8.4249e-05     1.7847    0.52278      3.602     1.0004     7.7921 7.1939e-18 0.00012745     1.8024    0.52158     3.8533     1.0005     10.933 5.4207e-18 0.00022353     1.8303    0.52543     4.0114     1.0001     11.088 7.1648e-18 0.00029705     1.7159       0.53     3.9069     1.0001      13.34 6.5389e-18 0.00031619     1.7914    0.52944     3.9855     1.0002 
    -5.377     6.2498 7.7852e-18  7.159e-05     1.8067      0.526     3.5239    0.99943      6.919 4.8764e-18 8.3989e-05     1.7777    0.53272     3.4725          1     9.3496 3.1795e-18 0.00012701     1.7558     0.5208     3.8264     1.0001     11.593 2.7917e-18 0.00022432     1.7247    0.51746     4.1279     1.0001     14.862 2.8271e-18 0.00029153     1.6914    0.53181     3.9584     1.0001     14.198 1.8039e-18 0.00032927     1.6671    0.52587     4.0062     1.0002 
   -5.2684     6.2135  3.804e-18 6.8555e-05      1.681      0.524     3.2681     0.9994     8.5991 2.4916e-18 8.2794e-05     1.7319    0.52423      3.722    0.99997     10.595 1.8723e-18 0.00012895     1.6746    0.52657     3.7671     1.0001     15.094 1.0043e-18 0.00022382     1.7049    0.52267     3.9683          1     17.067 8.8945e-19 0.00030153     1.6767    0.52503     3.9987          1     18.174 8.3927e-19 0.00033659      1.648     0.5198     4.2072     1.0003 
   -5.1599     7.4786 1.8032e-18 7.3438e-05     1.7131    0.52679     3.7189    0.99977      9.238 1.2645e-18 8.5323e-05     1.7183    0.51535     3.5142     1.0001     11.836 9.5274e-19  0.0001259     1.6656    0.52089     3.8702     1.0001     17.424 6.3134e-19 0.00022676       1.66    0.52562     4.0348     1.0002     20.692 4.8591e-19 0.00030216     1.6481    0.52454     4.3797     1.0002     21.637  5.092e-19 0.00032881      1.619     0.5211     4.2798     1.0001 
   -5.0513     8.2311  8.483e-19 6.9722e-05     1.6327    0.51912     3.1381    0.99979     10.291 7.1558e-19 8.6036e-05     1.6655    0.52623     3.7522     1.0001     14.434 4.9557e-19 0.00013154      1.618    0.52259     3.8699     1.0002     20.518 3.2233e-19 0.00022608     1.6405    0.52383     4.2054     1.0002     24.125 2.7447e-19 0.00031194     1.5994    0.51919     4.2126     1.0001     25.429 2.6241e-19 0.00033011     1.6219    0.51687     4.4077          1 
   -4.9427     8.7159 4.0474e-19 7.5162e-05     1.6467    0.52743     3.3536     1.0019     11.871 3.5819e-19 8.2969e-05     1.6452    0.51921     3.8076     1.0001     16.666 2.6641e-19 0.00012573     1.6114    0.52289      4.006     1.0003     23.402  1.747e-19 0.00022485     1.6026    0.51645     4.0522     1.0002     28.416 1.5366e-19 0.00030376     1.5773    0.52466     4.3131     1.0001     30.151 1.2467e-19 0.00032818     1.5749    0.51596     4.3196     1.0002 
   -4.8341      9.739 1.8169e-19 7.5287e-05     1.6152    0.52526     3.5435     1.0002     12.028 1.7785e-19 8.7088e-05     1.5699    0.52103      3.892     1.0003      18.52 1.3542e-19 0.00012616     1.5756    0.51798     3.9826     1.0003     25.326 9.7414e-20 0.00022893     1.5703    0.51704     4.2872     1.0003     33.152 6.5691e-20 0.00031239     1.5421    0.51752     4.3128     1.0001      33.08 6.3385e-20 0.00033802     1.5196    0.51736     4.3519     1.0001 
   -4.7256      9.965 9.2786e-20 7.9031e-05     1.5847    0.51657      3.981     1.0009      13.61 8.8319e-20 8.3825e-05     1.5776    0.51863     3.9349     1.0004     19.135 6.5019e-20 0.00012843     1.5476    0.51863     4.0181     1.0004     28.022 4.5412e-20 0.00022973     1.5341    0.51706     4.3238     1.0003     34.412 3.2327e-20 0.00031587     1.4955    0.51675     4.4032     1.0006     38.574 3.2224e-20 0.00034256      1.513    0.51581     4.4032     1.0001 
    -4.617     11.102 3.5918e-20 7.8876e-05     1.5761    0.50794     3.8539     1.0006     13.693 3.8171e-20 8.9381e-05     1.5663    0.52363     3.9047     1.0004     20.245 3.5601e-20 0.00012553      1.519     0.5175     4.1718     1.0006      31.06 2.0643e-20 0.00023432     1.5051    0.52272     4.4229     1.0004       36.2 1.6571e-20 0.00031591     1.4867    0.50975     4.5606     1.0004     42.519 1.2774e-20 0.00034686     1.4856    0.51692     4.3986     1.0003 
   -4.5084     10.587 1.3562e-20 8.0757e-05     1.5442     0.5175     3.8518     1.0006      13.69 1.7778e-20 8.6491e-05     1.5313    0.50578     4.0652     1.0007     22.215 1.5387e-20  0.0001263     1.5066    0.52236     4.1493     1.0007     33.883 1.0354e-20 0.00023233     1.4802    0.52197     4.4791     1.0006     40.493 6.9875e-21 0.00031786     1.4752    0.51688     4.4899     1.0003     44.407 6.3823e-21 0.00034635     1.4544    0.51536     4.5111     1.0005 
   -4.3998     8.3949 5.2728e-21 7.9877e-05     1.5463    0.51542      3.408     1.0151     13.316 7.3302e-21 8.6162e-05     1.4935    0.51893      4.205     1.0008     20.656 6.7831e-21 0.00012701     1.4737    0.52022     4.2605     1.0006     34.797 4.0903e-21 0.00023125     1.4677     0.5128      4.324     1.0013     43.203 3.0748e-21 0.00031804     1.4349    0.51223     4.7464     1.0003     45.399 3.1227e-21 0.00035195     1.4336    0.51018     4.7277     1.0006 
   -4.2913     8.4772 2.5542e-21 8.6748e-05     1.5135    0.50347     3.8377     1.0043     13.021 3.1684e-21 8.6519e-05     1.5235     0.5093     4.0475      1.001     22.063 3.0537e-21 0.00012594     1.4758    0.52151     4.3573     1.0009     31.708 2.0264e-21 0.00023197     1.4495    0.51814     4.6884     1.0006     43.542 1.2128e-21 0.00031729     1.4438    0.51894     4.6222     1.0007     48.056 9.6383e-22 0.00035307     1.4139    0.50923     4.6368      1.001 
   -4.1827     8.0741  6.844e-22 7.2835e-05     1.5049    0.53666      3.634     1.0039     11.685 1.2341e-21 8.7034e-05     1.4937    0.50831     4.1855     1.0019     19.303 1.2679e-21 0.00012818     1.4487    0.51003     4.2924     1.0011     31.334  6.833e-22 0.00023138     1.4501    0.51696     4.5661     1.0012     42.795 4.0517e-22 0.00032769     1.4054    0.50255     4.6757     1.0009      49.84 4.8341e-22 0.00035276     1.3951    0.51432     4.7967     1.0004 
   -4.0741     7.1184 2.9366e-22  7.563e-05      1.494    0.52266     3.8967     1.0044     11.304  4.585e-22 8.6714e-05     1.4864    0.51227     4.1075     1.0062     18.473 5.1057e-22 0.00012483     1.4417    0.52323     4.4035     1.0016     31.058 3.2944e-22 0.00023521     1.4117    0.51929      4.743     1.0016     40.915 1.9268e-22 0.00032411     1.4066    0.51074     4.8413     1.0012     44.902 1.6583e-22 0.00035689     1.3772    0.51087     5.0343      1.001 
   -3.9656     5.2829 1.1457e-22 8.5378e-05     1.4892    0.51812     3.8307     1.0077     9.8428 1.7621e-22 8.5921e-05      1.439    0.50895     4.1323     1.0041     16.019 1.8504e-22 0.00012789     1.4287    0.51921     4.3696     1.0022     29.242 1.0317e-22 0.00023424       1.41    0.51798     4.3192     1.0016     38.338  6.251e-23 0.00031935     1.3616     0.5068     4.8358      1.001     42.433 6.3348e-23 0.00035737     1.3298    0.51189     5.0509     1.0008 
    -3.857     4.0309 2.2098e-23  7.869e-05     1.4502    0.52841     3.1966     1.0074     7.7536 5.9223e-23   8.55e-05     1.4565    0.50878     4.3148     1.0072     13.692 6.3062e-23 0.00012248     1.3842    0.51114     4.3678     1.0032     25.286 3.3739e-23 0.00023311     1.3983    0.50923      4.682     1.0032     36.164 1.7426e-23 0.00032915      1.364    0.50903      4.792     1.0031     40.007 1.6997e-23 0.00035817     1.3416    0.51347     4.8774     1.0013 
   -3.7484      3.122  1.115e-23 8.5779e-05     1.4859    0.51738     4.2323      1.036     5.7289 1.7543e-23 8.3487e-05     1.4414    0.50116     4.3993     1.0077     11.613 2.9246e-23 0.00012731     1.4154    0.51352      4.609     1.0076     20.949 1.3648e-23 0.00022857     1.3653    0.51638     4.8934     1.0043     31.526 7.7864e-24 0.00032755     1.3167    0.50744      4.935     1.0027     37.467 6.5784e-24 0.00036458     1.3226    0.50341     5.1254     1.0036 
   -3.6398     1.8544 2.3206e-24 9.4388e-05      1.519    0.50451     3.8042     1.0249     5.4433 5.9064e-24 8.2305e-05     1.4087    0.50766      4.004     1.0171     9.6931 6.5118e-24 0.00013053     1.3904    0.50424     4.5878     1.0075     17.011 3.6763e-24 0.00023416     1.3656    0.51105     4.6075     1.0052     23.443  2.382e-24 0.00033138     1.3488     0.5102     5.2354     1.0061     32.028 1.8809e-24 0.00036243      1.306    0.49938     4.7091     1.0038 
   -3.5313     1.9842 6.0606e-25 8.1078e-05     1.4978    0.53566     4.3916     1.0695     3.3659 3.5505e-24 8.8864e-05     1.4195    0.49319     4.6754     1.0223     8.0378 2.3436e-24 0.00012243     1.3674    0.50922     4.3266     1.0112     13.754 8.5166e-25 0.00023359     1.3571     0.5155     4.5339     1.0067     20.632  5.787e-25 0.00032679     1.2851    0.50392     4.9451     1.0044      28.37 6.5225e-25 0.00037764     1.2493    0.50493     5.4024     1.0053 
   -3.4227     1.2531 1.5734e-25 7.8623e-05     1.4935    0.50046     4.0669     1.0469      2.687 6.6881e-25 8.0366e-05     1.4402    0.52707     5.3738     1.0316     6.2211 8.2331e-25 0.00013195     1.4025    0.52085     4.7978     1.0257     11.066 3.9245e-25 0.00023357     1.3626    0.50622     5.0531     1.0174     14.098 1.2538e-25 0.00033213     1.3137    0.51071     5.0574     1.0088     19.184 1.7176e-25  0.0003735     1.2725    0.49569     4.9612     1.0064 
   -3.3141    0.99123 1.0036e-26 9.7032e-05      1.537    0.52894     3.0713     1.1132     1.5125   9.16e-26 8.3589e-05     1.4521    0.51545      3.942      1.086     4.4788 1.2331e-25 0.00012291     1.3828    0.52832     4.4634     1.0397      7.993 8.1005e-26 0.00023051     1.2889    0.51039     5.1658     1.0229     13.307 3.2438e-26 0.00033849     1.2635     0.5096     4.9419     1.0144     16.298 2.0714e-26 0.00037429     1.2604     0.4915     5.1993     1.0102 
   -3.2055    0.62406 2.5666e-27 7.4232e-05     1.7283     0.5501     3.4137     1.2868     1.4309  3.729e-26 8.9132e-05     1.4604    0.48153     5.0958     1.1062      2.985 5.6192e-26  0.0001266     1.3638    0.52781     4.4894     1.0545     5.5033 1.2879e-26 0.00022211     1.2874    0.51719     4.7273     1.0391     9.1611 7.6021e-27 0.00033582     1.2531    0.51169     5.3095     1.0267     10.448 5.8475e-27 0.00036385      1.237    0.50786     4.8152     1.0352 
    -3.097    0.28232  9.991e-28 8.7135e-05      1.592    0.53104     4.7096     1.3533     0.8646 5.2044e-27 9.5007e-05     1.4784    0.50121     4.2401     1.1792     1.8836 1.0088e-26   0.000113     1.3669    0.51656     4.5441      1.121     3.5298 3.4869e-27 0.00023335     1.2665    0.53092     4.8131      1.068     5.4149 2.4404e-27 0.00032707     1.3407    0.51081     5.7922     1.0616     11.313 6.6243e-28 0.00038512     1.0867    0.49346     5.5392     1.0288 
   -2.9884    0.67444 1.3702e-29 6.3187e-05     2.0952    0.49845     4.3338     1.6791    0.85821 3.4381e-28 8.2515e-05     1.6475    0.52414      3.887     1.3409     1.7211 1.9048e-27 0.00011969     1.3699    0.52366     4.1756     1.1464     2.6836 4.2494e-28 0.00021641     1.2804    0.51302     4.3337     1.1104     5.2815 1.7158e-28 0.00032946     1.2211    0.50648     5.2831     1.0722     4.9837 2.7425e-28 0.00037396     1.2019    0.52333     4.9161     1.0704 
   -2.8798    0.48343 2.8021e-29 7.1521e-05     1.8338    0.50829     4.2002     1.5795    0.47506 6.1358e-29 8.0384e-05     1.9738    0.51202     4.5361      1.681     1.1863 2.5922e-28 0.00010372     1.3899      0.518     4.4649     1.2457     2.5073 1.5032e-28   0.000238      1.321    0.50799     4.3952      1.172     4.3144 1.6623e-29 0.00033856      1.228     0.5073     5.3894     1.1068     4.6713 5.4115e-29 0.00036251     1.2752    0.49608     4.3994     1.1214 
   -2.7712    0.30253 2.4073e-30 7.6554e-05     2.0054    0.51891     3.5567     1.9036    0.45522 1.6942e-29 7.8661e-05     1.8599    0.53905     4.3896     1.6658    0.81357 1.0833e-29 0.00012249     1.5263    0.50206     3.7569     1.4853     1.4256 1.0461e-29 0.00022219     1.5807     0.5018     4.4592     1.4188      1.616 4.2109e-30 0.00031719     1.4072    0.52102     4.7596     1.3301      2.527 2.8153e-30 0.00036251     1.3051    0.50912     4.5196     1.2367 
   -2.6627    0.35371 2.8125e-32 7.1811e-05     1.7941    0.56015      4.167     1.7933    0.51243 7.0158e-31  7.629e-05     1.9414    0.51676     4.3517     1.8076    0.69659  3.206e-30 0.00012556     1.7791    0.52488     4.9351     1.7053     1.4638 1.2642e-30 0.00022695     1.5504    0.52566     4.5892     1.4809     2.8182 7.7037e-31 0.00033129     1.3205     0.4973     4.7626      1.265     1.9069 2.0145e-31 0.00037019     1.3855    0.52082     7.5349     1.4223 
   -2.5541     0.2889 1.2638e-32 7.7706e-05      1.646    0.51631     3.7895     1.8852    0.47704 1.3417e-31 9.2703e-05     1.8889    0.50639     4.2589     1.9018    0.68681 1.5822e-31 0.00011848     1.7319    0.53756     4.5541     1.7872    0.98324 1.0997e-31  0.0002115     1.8686    0.52021      4.671     1.8348     1.7715 9.5563e-32  0.0003423     1.2444    0.52411     4.5481     1.4181     2.2744 4.8881e-32 0.00035731     1.3248    0.50115     4.2114     1.3969 
   -2.4455    0.58908 1.9429e-33 7.6298e-05     1.9229      0.492     3.4419     1.9708    0.47666 6.1026e-33 8.3859e-05     1.7996     0.5457     4.8063     1.9774    0.75685 3.3109e-32  0.0001184     1.7429    0.50855      4.533     1.9124     1.0692  3.358e-32 0.00022604     1.7628    0.52827     4.7067     1.8024     1.2988 1.5405e-32 0.00029963     1.6022    0.52814     4.6926     1.7885     2.9006 6.1676e-33 0.00038012     1.1373    0.49362     3.8828     1.3595 
   -2.3369    0.43373 1.4021e-35 6.8196e-05     2.0368    0.51526     6.5568     1.9787    0.59789 3.5501e-34 8.2184e-05     1.8508    0.50324     4.1527     1.9871    0.91823 3.4009e-33  0.0001298     1.8173    0.53411     4.3503     1.9569     1.1528 1.3785e-33  0.0002152     1.7226    0.51383     4.8591     1.9444      1.519 5.9522e-34 0.00028532     1.7342    0.51763     4.5893     1.9064     1.4511 3.6478e-33  0.0003423      1.513    0.53132     6.9642     1.7671 
   -2.2284    0.54928 1.9386e-36 7.9763e-05     1.7857    0.53422     3.7545      1.998    0.59308 8.9683e-35    8.2e-05     1.7379    0.51072     4.4656     1.9929     1.0467  1.169e-34 0.00013057      1.789    0.54328     4.5404      1.977     1.2722 1.3908e-34  0.0002157     1.8019    0.51402     4.9918     1.9661     1.5454 1.0057e-35 0.00030762     1.7039    0.50793     5.2622     1.9278     1.5375 1.4127e-34 0.00033232     1.5298    0.51642     4.5774     1.9323 
   -2.1198    0.41441 1.8697e-38 9.1034e-05     1.7196     0.4969     4.1336     1.9999    0.92911 1.1043e-36 9.0207e-05     1.9637    0.54111     4.4276     1.9952    0.98078 1.1434e-35 0.00014017     1.7082    0.48675      5.195     1.9915     1.3854 3.0913e-36 0.00022826     1.7505    0.53003     4.4351     1.9937     1.9111 3.8459e-36 0.00029921     1.6807    0.51356     4.8371     1.9758     1.9014 4.7541e-37 0.00032957     1.6414      0.499     4.8201     1.9546 
   -2.0112    0.73007 1.2558e-38 7.0878e-05     1.8876    0.52821     4.3139     2.0001    0.89153 2.0878e-37 8.2418e-05     1.7096    0.52359     4.2178     1.9957     1.3064 9.2313e-37 0.00011025      1.896    0.52987     4.7706     1.9875     1.6122 6.8797e-37 0.00021546     1.6999    0.52318     4.7203      1.996     2.0221 2.4194e-37 0.00030988     1.5717    0.50819     5.1506     1.9933     2.1207 3.7398e-37 0.00033218     1.6253    0.51474     4.6974     1.9965 
   -1.9027    0.77304 1.3293e-40 7.2742e-05     1.6671    0.51344     4.5287     1.9699     1.0603 1.5963e-39 8.0834e-05     1.8207    0.53105     5.1021     2.0004     1.3979 3.3832e-38 0.00012899     1.6492    0.54223     4.9755     1.9976     1.8414 5.5668e-38 0.00022029     1.6948    0.50101     5.2079     1.9979     2.2045 5.9916e-38 0.00029987     1.6149    0.51865     5.1145     1.9976      3.154 5.4459e-39 0.00031537     1.6306    0.50055     4.8498     1.9986 
   -1.7941     1.0185 3.4561e-42 6.2286e-05     1.9599    0.49965     4.6023     2.0002     1.1546 1.0493e-40 7.9018e-05     1.7044    0.49972     4.0905     1.9792      1.571 9.6407e-40 0.00013205     1.6053    0.52313     4.8368     1.9925     2.0306 1.2071e-39 0.00021746     1.5951    0.50523     4.3865     1.9995     2.3763 2.0838e-40 0.00029062     1.5822    0.51468     5.1212     1.9986       2.56 1.7849e-40  0.0003389     1.5118    0.49569      5.001          2 
   -1.6855     1.0672 8.9259e-45 7.7601e-05     1.9513    0.51387      4.661     2.0008     1.1159 2.9227e-42 7.8493e-05     1.7818     0.5123     4.8548     2.0007     1.5681 1.3788e-41 0.00012029     1.5946     0.5165      4.735     1.9998      2.352 4.8364e-41 0.00022452     1.5524    0.51537     4.5656     2.0001     3.3162 9.5377e-43 0.00029529      1.656    0.51193     4.8642     1.9994     3.0865 4.6851e-42 0.00032036     1.5667    0.51061     5.2632     2.0001 
   -1.5769     1.1255 3.3263e-47 6.8668e-05     1.9084     0.5159     4.9005      2.002     1.2131 1.2599e-43 8.2515e-05     1.6199    0.49286     4.5628     2.0002     1.8924  1.272e-42 0.00011661     1.5443    0.53025     4.3365     1.9995     2.8474  7.586e-43 0.00021284     1.5623    0.51906     4.9799     1.9924     3.3322  1.278e-42 0.00028427     1.6159    0.49934     5.0538     1.9997     3.8706 7.7088e-44  0.0003308      1.526    0.50488     4.8204     2.0004 
   -1.4684    0.98121 4.5363e-49 5.9402e-05     1.5798    0.51597     3.8917     2.0028      1.454 9.8302e-46    8.1e-05     1.6362    0.50908     4.4713     1.9977     2.2223 2.8424e-45 0.00011636     1.6259    0.51606     4.2882     2.0001     3.0848 1.8127e-44 0.00021981     1.5594    0.51816     4.8347     2.0001     3.7255  2.711e-44 0.00029394      1.585    0.54129     5.2843     1.9912     3.8324 1.3899e-44 0.00032368     1.5443    0.52792     5.5344     2.0002 
   -1.3598     1.0235  2.146e-52  5.898e-05     1.5234    0.50103     3.7754     2.0009     1.5012 9.2584e-49 6.7259e-05     1.6661    0.52664     4.5883     1.9964     2.2807 6.4921e-47 0.00011598     1.5597      0.505     4.6235     1.9929     3.4872 1.0413e-46 0.00020754     1.5111    0.50405      4.634     2.0003     4.5218  9.008e-48  0.0002846     1.5448    0.50883     5.2211      1.993     5.6572 1.9337e-48 0.00029378     1.5768    0.49978       5.52     2.0011 
   -1.2512     1.2288 2.0365e-53 6.6856e-05     1.5854    0.53582     4.6532     2.0008     1.9398 2.0328e-51 7.2496e-05     1.7213    0.51309     4.3437     2.0003     2.7028  9.287e-49 0.00012208     1.5532    0.52765     5.2697     2.0007     2.9036 8.6982e-48 0.00021117     1.4914    0.52093     5.2442     2.0008     5.3745 8.0858e-49 0.00028727     1.4858    0.52064     5.1001     2.0004     4.8711 5.6988e-50 0.00031246       1.51    0.51042      5.649     2.0003 
   -1.1426     1.1116  2.564e-57 5.8529e-05     1.5579    0.51872     4.1695     2.0014     1.3721 1.9849e-52  7.656e-05     1.5382    0.50458     5.3251     2.0021     2.3742 5.9443e-51 0.00011031     1.5048    0.52905     4.7973     2.0011     3.9986  2.102e-50 0.00019096     1.5368    0.54097     4.6518     2.0008     4.8043 9.8788e-52 0.00027981      1.458    0.50514     6.3798     2.0005     6.7038 7.2873e-53 0.00029948     1.4561    0.51934     5.8593     1.9988 
   -1.0341     1.0993 1.1988e-60 6.0227e-05     1.5399    0.55176     4.0193     1.9201      1.961 6.4101e-57 6.7586e-05     1.6848    0.48329     4.6381     1.9955     3.4089 1.9796e-53  0.0001047      1.563    0.50844     4.7031     2.0006     4.2384 1.3476e-54 0.00020995       1.41    0.50617     4.8291     2.0014     5.9528   1.65e-54 0.00028819     1.5514    0.51378     5.8103     2.0004     5.6622 3.1084e-54  0.0002937     1.4407    0.51435     4.9952     2.0005 
  -0.92549     1.1333 7.1623e-62 5.5222e-05     1.4949    0.53033     4.1227     2.0015     1.6974 1.2758e-58  6.936e-05     1.6366    0.52635     5.5548     1.9999     3.2097 1.0829e-56 9.6672e-05     1.5235    0.53905     4.5702     2.0012      4.927 3.9452e-56 0.00018432     1.4548    0.50427     4.4423      2.001      5.905 1.0767e-57 0.00025537     1.3967    0.53491      5.423     2.0004     6.3957 8.6068e-59 0.00028247     1.4695    0.52176     4.7744     2.0007 
  -0.81692    0.81239 1.9993e-68 6.3362e-05     1.6822     0.5442     5.3585     2.0068     1.6651  1.811e-63 6.3968e-05     1.5261    0.49863     4.1086     2.0023     3.0818 1.0532e-59 0.00010442      1.532     0.5199     5.6623     2.0019     4.3457 4.9297e-58 0.00017131     1.4738    0.51398     5.6813     2.0007     6.2225 3.8362e-61 0.00026202     1.3688    0.50969     5.3435     1.9761     6.9078 1.1768e-62   0.000276     1.3763    0.50464     5.0441     2.0011 
  -0.70834    0.97537  1.883e-69 4.7009e-05     1.5469    0.48127     4.3216      2.003     1.6519 1.2344e-65 6.1461e-05      1.463    0.49842     4.6389     2.0033     2.8245 2.1912e-63 8.7781e-05      1.524    0.47666     4.6387     2.0021     4.3616 3.9057e-63 0.00018033     1.4737    0.51132     5.3271     2.0019     6.8617 3.1772e-61 0.00024042     1.4371    0.51644     5.9131     2.0042     7.1064 5.0692e-63 0.00024645     1.4386    0.52499     5.4734     2.0011 
  -0.59977     1.6296 2.4954e-78 3.6706e-05     1.5621    0.51415     3.1602     2.0026     2.1818 2.6714e-69 4.8829e-05     1.5241    0.51526      4.481     2.0063     2.8024 3.6434e-67 8.4962e-05     1.5146    0.54937     5.1587     2.0021     4.8629 4.6353e-66 0.00015573      1.485    0.51889     5.1652     2.0024     7.5741 3.3438e-68 0.00021984     1.4199    0.48974     5.5728     2.0006     6.3082 5.7602e-66 0.00024619     1.3733    0.51855     4.6871      2.001 
   -0.4912     1.4024 1.4564e-80 3.9312e-05     1.5242    0.51432     4.3774     2.0037     1.5593 7.3844e-73 5.2268e-05     1.5443    0.49371      5.692      2.004     2.5596  9.959e-71 8.4502e-05     1.4496     0.5234     5.7145     2.0045     4.0616 1.1793e-69 0.00015236     1.4417    0.50473     4.6663     2.0034     7.0799 3.7482e-69 0.00021353     1.3545    0.50755     5.4382     2.0016     6.3604 1.3104e-70 0.00024226     1.3624     0.5116     5.0313     2.0049 
  -0.38262    0.81087 1.5025e-83 3.8637e-05     1.4904    0.50322     4.2305     2.0115     1.2107 4.3306e-79 4.5907e-05     1.4335    0.50188     4.3813     2.0092     2.9095 8.3212e-75 7.4979e-05     1.4404    0.53495      4.967     2.0035     4.6514 7.7217e-76 0.00014799     1.3973    0.50667     4.9268     2.0029     6.6866 1.0251e-74 0.00019175     1.3442    0.51657     6.6719     2.0073     7.2266 9.4199e-74 0.00022291     1.3326    0.48103     6.4886     2.0017 
  -0.27405    0.45566 1.0325e-89 3.2178e-05      1.657    0.46686     2.9164     2.0157     1.0487 2.3868e-83 4.6274e-05      1.519    0.49428     5.2374       2.01     1.9989 2.4004e-77 6.6499e-05     1.3719    0.49434     5.2626     2.0052     3.4861 1.6534e-76 0.00012994     1.3597    0.52917     5.2641     2.0046      5.919 3.8402e-79 0.00017221     1.3779    0.52903     5.2021     2.0024     7.1322 3.7059e-82 0.00020676     1.2592    0.52514     5.2682     2.0026 
  -0.16548    0.55191 4.6773e-91 2.8309e-05      1.362    0.52259     3.4091      2.025    0.89311 1.1501e-87 4.5793e-05     1.6518    0.49866     6.5231     2.0156      1.844  5.068e-81 5.7366e-05     1.4018    0.52783     5.3155     2.0045     2.8801 9.5194e-82  0.0001124      1.361    0.54556     5.0286     2.0163     6.9385 1.7437e-84 0.00016854     1.2733    0.51908     6.0547     2.0027     7.0023 1.1706e-83 0.00017523     1.1756    0.51863     5.7225     2.0038 
 -0.056902    0.32172 6.1027e-101 3.1464e-05     1.4847    0.56089     5.0005     2.0318    0.72664 7.2663e-91 3.2849e-05     1.4986    0.48281     6.5783      2.024     2.8113 6.9444e-91 5.6453e-05     1.4385    0.54558     5.3498     2.0084     2.5679 4.2749e-86 0.00010343     1.3324     0.5102     6.2297     2.0102     4.2344 5.7424e-85 0.00015514     1.3195    0.49365      4.786     2.0051     6.5099 3.0752e-87 0.00016468     1.3344    0.51067     5.0333     2.0074 
  0.051672    0.65338 1.9921e-106 3.6668e-05      1.481    0.38741     3.4941     2.0356    0.58354 2.9769e-97 2.1631e-05      1.485    0.44855     5.8947     2.0537     1.4168 6.8484e-94 4.6002e-05     1.4501    0.57861      6.129     2.0142     2.5634 9.6423e-91 0.00010677     1.4126    0.52161     5.4437     2.0109     4.2578 9.8721e-96 0.00012242     1.2675    0.49653     5.7571     2.0064      5.654  1.285e-92 0.00014725     1.1704    0.51398     5.3855     2.0069 
   0.16025    0.46307 6.0046e-120 4.0999e-05     1.5334    0.49147     6.9893     2.0329     1.4168 2.801e-105 2.9178e-05     1.4167    0.47218     6.0866     2.0285     1.2278 4.5856e-100 5.5433e-05     1.4451    0.50571     5.6318     2.0238      2.344 2.602e-101 6.9367e-05     1.4748    0.49504     5.8833     2.0174     2.8195 2.5144e-100   0.000117     1.3184     0.5219     4.1887     2.0152     5.0243 2.9115e-98 0.00013012     1.2226    0.55114     4.3712     2.0172 
   0.26882    0.22806 2.7372e-123 1.7356e-05     1.7204    0.48482     7.0769     2.2278    0.39452 3.2129e-114 2.7953e-05     1.5478      0.535     4.6346     2.0722    0.86104 9.7802e-107 3.6537e-05     1.3426    0.46799     4.7577     2.0646     1.8304 1.3931e-102 8.0196e-05     1.3448    0.49407     4.7715     2.0378     3.0059 3.9933e-105 0.00010691     1.2317    0.47423      4.035     2.0213     4.5374 2.8364e-113 0.00012955      1.003    0.48413     5.4236     2.0096 
   0.37739    0.44799 3.1455e-135 2.1155e-05     1.7435    0.58529      1.469     2.1077    0.35568 2.9054e-120 2.6389e-05     1.4749    0.49945      5.176     2.1009    0.55162 1.529e-118 3.6993e-05     1.4499    0.46071     6.6927     2.3025     1.8166 3.516e-114 6.5603e-05     1.2606    0.52774        4.5     2.0314     3.0013 1.517e-110 8.8622e-05     1.3474    0.58236     4.7311      2.023     5.1762 2.8335e-116 0.00011003     1.3089    0.53484     6.8525     2.0119 
   0.48597   0.030175 6.2989e-141 1.3529e-05     1.7035    0.49008     4.8141     2.8176    0.30162 6.4767e-129  1.723e-05     1.3702    0.46431     5.0506     2.1027    0.59606 1.0171e-124 3.0194e-05     1.2162    0.54808     3.3188     2.0797     1.7849 1.1499e-115 4.9972e-05     1.2244    0.52094     4.6913     2.0477     2.0386 9.1041e-120 9.1009e-05     1.3564     0.5819     11.778     2.0346     3.8645 3.6735e-122 9.2361e-05     1.2436    0.49266     5.1993     2.0214 
   0.59454   0.056762 3.5744e-151  1.381e-05     1.6856    0.47187     5.0638     2.6062    0.32626 7.3685e-139 2.7122e-05     1.7116    0.51612     3.7593     2.1555    0.42637 7.3889e-133 2.2099e-05     1.2454    0.48913     4.5772      2.117    0.55786 6.9272e-123 4.5684e-05     1.1775    0.53649      4.263      2.124     2.7073 1.2786e-128 7.7783e-05     1.1573     0.4674     5.0224     2.0227     1.5388 2.2656e-126 9.1421e-05     1.3061    0.47993     5.2305      2.065 
   0.70311   0.067117 2.8601e-169 1.1714e-05     1.5202      0.468      5.764     2.5149    0.27705 1.6767e-149 1.2048e-05     1.5243    0.56856     3.2619     2.2212    0.13852 1.1362e-138 2.2998e-05     1.4656    0.48867     6.2573      2.453    0.91029 4.6104e-143 4.2075e-05     1.2189    0.45811     4.9723     2.1131     2.3353 8.8873e-136 5.2479e-05     1.6371    0.56736     4.0466      2.078     1.5478 3.8116e-136 7.3263e-05      1.205    0.56386     4.3066     2.1036 
   0.81169   0.081354 1.0007e-176 1.0793e-05     2.1323    0.55108      4.547     2.8596    0.09158 2.3196e-157 1.3341e-05     1.6316     0.4972     4.8194     2.6866    0.49521 5.627e-150 2.0955e-05     1.3021    0.43775     4.2227     2.1447    0.34416 1.7817e-147 3.6765e-05     1.5361    0.51276     4.6383     2.3213    0.78551 1.9285e-148 5.4417e-05     1.3567    0.49369     4.0547      2.192     3.4717 2.4836e-153 6.2971e-05    0.96111    0.51619     5.1404      2.083 
   0.92026   0.074333 6.0465e-187 6.3748e-06     1.4889    0.49786      4.381     2.9643   0.065055 1.4584e-175 8.7037e-06     1.6965    0.52462     4.8241     2.9085    0.16795 1.3416e-161 1.6179e-05     1.4339    0.49404     4.7473     2.4681    0.23862 1.4614e-158 2.9531e-05     1.4922    0.50464     4.2478     2.6096     3.9343 4.0339e-155 4.1573e-05     1.2158    0.40881     2.2939     2.0319    0.30666 1.3476e-159 4.9682e-05     1.1994    0.49632     5.4215     2.3971 
    1.0288   0.048703 1.6337e-210  7.098e-06     1.5364    0.48778     4.2924     2.9762   0.057585 2.0509e-183 9.9442e-06     1.6155    0.51932     6.9813     2.9357    0.10139 4.5653e-177 1.1915e-05     1.3991    0.50248     5.0441     2.6461     0.1612 1.2989e-170 2.7237e-05     1.3936    0.48742     5.4719     2.7326    0.31643 9.3694e-171 3.7418e-05     1.2967    0.52786     5.4964     2.5127    0.18468 1.6555e-165 4.3403e-05     1.4484     0.5118     6.1994     2.7515 
    1.1374   0.051715 9.2286e-211  5.241e-06     1.5918     0.5505     4.4402     2.9948   0.063303 1.2501e-199 8.0727e-06     1.6079    0.55121     5.4892     2.9859    0.10203 6.0183e-182 1.1757e-05      1.578    0.52925      4.543     2.8374    0.21387 2.2224e-182 2.0275e-05     1.4283    0.54805     4.6652     2.5671    0.24214 7.2623e-172 3.0447e-05        1.5     0.5059     6.7361     2.6167     1.9603 5.551e-186 3.7815e-05    0.99823    0.55543     4.7537     2.0732 
     1.246   0.021808 2.5866e-229  5.831e-06     1.5707    0.45233      7.497     2.9997   0.060826 2.4142e-204 5.5678e-06     1.5938     0.5329     5.2872     2.9694   0.076578 1.1469e-198 1.0044e-05     1.5525    0.49276     6.3877     2.9433     0.2334 1.319e-193 1.2237e-05     1.2161    0.52111     4.7689     2.4388    0.19599 1.9595e-193 2.5991e-05     1.4729    0.55042     5.2537     2.7168    0.22339 2.0537e-197   2.91e-05     1.3428    0.52657     4.7569     2.8007 
    1.3546   0.020789 5.4261e-248 3.0535e-06     1.4757    0.54202     6.4414     3.0003   0.033469 9.4629e-231 5.3044e-06     1.4324    0.50889     5.1596     2.9985    0.11313 1.6106e-217 8.7209e-06     1.5534    0.52129     4.9008     2.9858    0.10573 3.7276e-213 1.6584e-05     1.3916    0.52085     5.9716     2.9457     0.3366 6.5049e-226 2.3242e-05     1.3455    0.55099     5.7189      2.915    0.28381 8.0706e-204  2.253e-05     1.4615    0.48503     5.0742     2.8588 
    1.4631  0.0069627          0 3.1022e-06     1.3776    0.55527     3.3119     2.9994   0.027045 5.0982e-241  4.487e-06     1.4244    0.53345     6.0049     2.9897   0.084697 2.5668e-228 6.1963e-06     1.6236    0.53628     5.1305     2.9685    0.10753 9.6366e-227 1.1782e-05     1.3969    0.50843     5.4169     2.9845    0.20895 1.2985e-224 1.8656e-05     1.2549    0.48991     4.9071     2.7404     1.0124 1.0143e-234   2.25e-05    0.75304    0.48951     7.7972     2.1788 
    1.5717  0.0026533          0 2.4733e-06      1.828    0.51109     2.8245     2.9601   0.023201 1.7456e-271 3.9023e-06     1.4462     0.5446     3.7768     3.0002   0.045574 2.6945e-252  6.456e-06     1.5125    0.46729     5.9245     2.9908    0.15457 1.6673e-252 1.1648e-05     1.4209    0.52799     5.2777     2.9793    0.20214 5.4219e-254 1.7427e-05     1.2619    0.51443     6.2927     2.7345     0.1715 1.1361e-250 1.7694e-05     1.2988    0.50832     7.0872     2.9944 
    1.6803 0.00022615          0 2.5808e-06     1.6239    0.59465     9.8529     3.0001   0.018398          0 3.2853e-06     1.6346    0.51853     6.3329     3.0002   0.025839 2.1608e-266 3.9065e-06     1.3573    0.55764     6.6549     2.8688   0.094493 3.6821e-251 9.2037e-06     1.4087    0.51559     4.5304     2.9939    0.12722 1.5568e-255 1.3044e-05     1.3498     0.4727     4.9851     2.8827    0.19718          0 1.4963e-05     1.3201    0.54018     5.2604     2.6513 
    1.7888 3.2633e-05          0 7.0617e-07      1.964    0.35521     4.8483          3  0.0025878          0 2.0087e-06     1.6383    0.50463     4.6347     2.9812   0.015201          0 2.9867e-06     1.5468    0.54282     4.9807     3.0005   0.066253          0 4.2307e-06     1.5571    0.70845     4.0465     2.4613   0.034187 4.725e-294 1.1375e-05     1.2256    0.49845      6.083     2.9942   0.061505 7.4896e-289 1.1602e-05     1.3271    0.50038     3.8172     2.9966 
    1.8974 0.00015158          0 1.0413e-06     1.7725      0.565     4.2525          3  0.0018745          0 4.4843e-06     1.1788    0.78667     10.415     2.0563  0.0093084          0 3.0946e-06     1.2886    0.50306     6.0889     2.9996  0.0097882          0 6.7193e-06    0.97362    0.42201     8.8017     3.0015   0.054525          0 8.3664e-06     1.4056    0.58203     5.3303     3.0001   0.023093          0 1.0311e-05      1.274    0.45269     5.5709     2.9999 
     2.006          0          0          0          0          0          0          0  0.0038488          0  1.075e-06     1.2124    0.33752     3.9065          3 3.5417e-05          0 2.4607e-06     1.6116    0.48886     3.7948     3.0813  0.0028911          0 3.6589e-06     1.4007    0.38556     3.7896     2.9996   0.034542          0 8.4608e-06     1.1827    0.51648     4.1262          3   0.066809          0  7.889e-06     1.4632    0.51579     4.5061     3.0002 
    2.1146          0          0          0          0          0          0          0          0          0          0          0          0          0          0          0          0          0          0          0          0          0  0.0086595          0  4.266e-06     1.2035     0.4528     5.3781          3  0.0029295          0 7.2445e-06     1.0998    0.39978     22.466     3.0006 6.2632e-07          0 6.1389e-06     1.3635    0.46754      7.414          3 
    2.2231          0          0          0          0          0          0          0          0          0          0          0          0          0          0          0          0          0          0          0          0          0 2.4062e-07          0 3.8012e-06     1.3461    0.65561     3.0819      1.797 5.9351e-08          0  4.908e-06     0.6499    0.38105     7.6619          2   0.017152          0 7.3571e-06     1.1301    0.46591     5.9703          3 
    2.3317          0          0          0          0          0          0          0          0          0          0          0          0          0          0  0.0092479          0  1.094e-06     1.5423    0.82998     1.6453     2.0003          0          0          0          0          0          0          0          0          0          0          0          0          0          0          0          0          0          0          0          0          0 
    2.4403          0          0          0          0          0          0          0 2.4562e-07          0 7.8653e-07     1.2485    0.20272     4.3796     1.9423 4.7496e-07          0 1.5616e-06     1.4546      0.822     1.4054          3          0          0          0          0          0          0          0          0          0          0          0          0          0          0          0          0          0          0          0          0          0 
    2.5489          0          0          0          0          0          0          0          0          0          0          0          0          0          0          0          0          0          0          0          0          0   0.015349          0 2.1304e-06     1.1408    0.80145     3.8779          2          0          0          0          0          0          0          0          0          0          0          0          0          0          0 
    2.6574          0          0          0          0          0          0          0          0          0          0          0          0          0          0          0          0          0          0          0          0          0  9.607e-06          0 1.6968e-06      1.385    0.81897     9.1226          3          0          0          0          0          0          0          0          0          0          0          0          0          0          0 
     2.766          0          0          0          0          0          0          0          0          0          0          0          0          0          0 1.5015e-06          0 7.8639e-07     1.4595    0.18064     7.7232          3          0          0          0          0          0          0          0          0          0          0          0          0          0          0          0          0          0          0          0          0          0 
    2.8746          0          0          0          0          0          0          0          0          0          0          0          0          0          0          0          0          0          0          0          0          0          0          0          0          0          0          0          0 0.00010935          0 1.0051e-06     1.3123    0.81299     1.8183          2          0          0          0          0          0          0          0 
    2.9832          0          0          0          0          0          0          0          0          0          0          0          0          0          0          0          0          0          0          0          0          0          0          0          0          0          0          0          0          0          0          0          0          0          0          0          0          0          0          0          0          0          0 
    3.0917          0          0          0          0          0          0          0          0          0          0          0          0          0          0          0          0          0          0          0          0          0          0          0          0          0          0          0          0          0          0          0          0          0          0          0          0          0          0          0          0          0          0 
    3.2003          0          0          0          0          0          0          0          0          0          0          0          0          0          0          0          0          0          0          0          0          0          0          0          0          0          0          0          0          0          0          0          0          0          0          0          0          0          0          0          0          0          0 
    3.3089          0          0          0          0          0          0          0          0          0          0          0          0          0          0          0          0          0          0          0          0          0          0          0          0          0          0          0          0          0          0          0          0          0          0          0          0          0          0          0          0          0          0 
    3.4175          0          0          0          0          0          0          0          0          0          0          0          0          0          0          0          0          0          0          0          0          0          0          0          0          0          0          0          0          0          0          0          0          0          0          0          0          0          0          0          0          0          0 
     3.526          0          0          0          0          0          0          0          0          0          0          0          0          0          0          0          0          0          0          0          0          0          0          0          0          0          0          0          0          0          0          0          0          0          0          0          0          0          0          0          0          0          0 
    3.6346          0          0          0          0          0          0          0          0          0          0          0          0          0          0          0          0          0          0          0          0          0          0          0          0          0          0          0          0          0          0          0          0          0          0          0          0          0          0          0          0          0          0 
    3.7432          0          0          0          0          0          0          0          0          0          0          0          0          0          0          0          0          0          0          0          0          0          0          0          0          0          0          0          0          0          0          0          0          0          0          0          0          0          0          0          0          0          0 
    3.8517          0          0          0          0          0          0          0          0          0          0          0          0          0          0          0          0          0          0          0          0          0          0          0          0          0          0          0          0          0          0          0          0          0          0          0          0          0          0          0          0          0          0 
    3.9603          0          0          0          0          0          0          0          0          0          0          0          0          0          0          0          0          0          0          0          0          0          0          0          0          0          0          0          0          0          0          0          0          0          0          0          0          0          0          0          0          0          0 
    4.0689          0          0          0          0          0          0          0          0          0          0          0          0          0          0          0          0          0          0          0          0          0          0          0          0          0          0          0          0          0          0          0          0          0          0          0          0          0          0          0          0          0          0 
    4.1775          0          0          0          0          0          0          0          0          0          0          0          0          0          0          0          0          0          0          0          0          0          0          0          0          0          0          0          0          0          0          0          0          0          0          0          0          0          0          0          0          0          0 
     4.286          0          0          0          0          0          0          0          0          0          0          0          0          0          0          0          0          0          0          0          0          0          0          0          0          0          0          0          0          0          0          0          0          0          0          0          0          0          0          0          0          0          0 
    4.3946          0          0          0          0          0          0          0          0          0          0          0          0          0          0          0          0          0          0          0          0          0          0          0          0          0          0          0          0          0          0          0          0          0          0          0          0          0          0          0          0          0          0 
    4.5032          0          0          0          0          0          0          0          0          0          0          0          0          0          0          0          0          0          0          0          0          0          0          0          0          0          0          0          0          0          0          0          0          0          0          0          0          0          0          0          0          0          0 
    4.6118          0          0          0          0          0          0          0          0          0          0          0          0          0          0          0          0          0          0          0          0          0          0          0          0          0          0          0          0          0          0          0          0          0          0          0          0          0          0          0          0          0          0 
    4.7203          0          0          0          0          0          0          0          0          0          0          0          0          0          0          0          0          0          0          0          0          0          0          0          0          0          0          0          0          0          0          0          0          0          0          0          0          0          0          0          0          0          0 
    4.8289          0          0          0          0          0          0          0          0          0          0          0          0          0          0          0          0          0          0          0          0          0          0          0          0          0          0          0          0          0          0          0          0          0          0          0          0          0          0          0          0          0          0 
    4.9375          0          0          0          0          0          0          0          0          0          0          0          0          0          0          0          0          0          0          0          0          0          0          0          0          0          0          0          0          0          0          0          0          0          0          0          0          0          0          0          0          0          0 
    5.0461          0          0          0          0          0          0          0          0          0          0          0          0          0          0          0          0          0          0          0          0          0          0          0          0          0          0          0          0          0          0          0          0          0          0          0          0          0          0          0          0          0          0 
    5.1546          0          0          0          0          0          0          0          0          0          0          0          0          0          0          0          0          0          0          0          0          0          0          0          0          0          0          0          0          0          0          0          0          0          0          0          0          0          0          0          0          0          0 
    5.2632          0          0          0          0          0          0          0          0          0          0          0          0          0          0          0          0          0          0          0          0          0          0          0          0          0          0          0          0          0          0          0          0          0          0          0          0          0          0          0          0          0          0 
    5.3718          0          0          0          0          0          0          0          0          0          0          0          0          0          0          0          0          0          0          0          0          0          0          0          0          0          0          0          0          0          0          0          0          0          0          0          0          0          0          0          0          0          0 
    5.4804          0          0          0          0          0          0          0          0          0          0          0          0          0          0          0          0          0          0          0          0          0          0          0          0          0          0          0          0          0          0          0          0          0          0          0          0          0          0          0          0          0          0 
    5.5889          0          0          0          0          0          0          0          0          0          0          0          0          0          0          0          0          0          0          0          0          0          0          0          0          0          0          0          0          0          0          0          0          0          0          0          0          0          0          0          0          0          0 
    5.6975          0          0          0          0          0          0          0          0          0          0          0          0          0          0          0          0          0          0          0          0          0          0          0          0          0          0          0          0          0          0          0          0          0          0          0          0          0          0          0          0          0          0 
    5.8061          0          0          0          0          0          0          0          0          0          0          0          0          0          0          0          0          0          0          0          0          0          0          0          0          0          0          0          0          0          0          0          0          0          0          0          0          0          0          0          0          0          0 
    5.9146          0          0          0          0          0          0          0          0          0          0          0          0          0          0          0          0          0          0          0          0          0          0          0          0          0          0          0          0          0          0          0          0          0          0          0          0          0          0          0          0          0          0 
    6.0232          0          0          0          0          0          0          0          0          0          0          0          0          0          0          0          0          0          0          0          0          0          0          0          0          0          0          0          0          0          0          0          0          0          0          0          0          0          0          0          0          0          0 
    6.1318          0          0          0          0          0          0          0          0          0          0          0          0          0          0          0          0          0          0          0          0          0          0          0          0          0          0          0          0          0          0          0          0          0          0          0          0          0          0          0          0          0          0 
    6.2404          0          0          0          0          0          0          0          0          0          0          0          0          0          0          0          0          0          0          0          0          0          0          0          0          0          0          0          0          0          0          0          0          0          0          0          0          0          0          0          0          0          0 
    6.3489          0          0          0          0          0          0          0          0          0          0          0          0          0          0          0          0          0          0          0          0          0          0          0          0          0          0          0          0          0          0          0          0          0          0          0          0          0          0          0          0          0          0 
    6.4575          0          0          0          0          0          0          0          0          0          0          0          0          0          0          0          0          0          0          0          0          0          0          0          0          0          0          0          0          0          0          0          0          0          0          0          0          0          0          0          0          0          0 
    6.5661          0          0          0          0          0          0          0          0          0          0          0          0          0          0          0          0          0          0          0          0          0          0          0          0          0          0          0          0          0          0          0          0          0          0          0          0          0          0          0          0          0          0 
    6.6747          0          0          0          0          0          0          0          0          0          0          0          0          0          0          0          0          0          0          0          0          0          0          0          0          0          0          0          0          0          0          0          0          0          0          0          0          0          0          0          0          0          0 
    6.7832          0          0          0          0          0          0          0          0          0          0          0          0          0          0          0          0          0          0          0          0          0          0          0          0          0          0          0          0          0          0          0          0          0          0          0          0          0          0          0          0          0          0 
    6.8918          0          0          0          0          0          0          0          0          0          0          0          0          0          0          0          0          0          0          0          0          0          0          0          0          0          0          0          0          0          0          0          0          0          0          0          0          0          0          0          0          0          0 
    7.0004          0          0          0          0          0          0          0          0          0          0          0          0          0          0          0          0          0          0          0          0          0          0          0          0          0          0          0          0          0          0          0          0          0          0          0          0          0          0          0          0          0          0 
     7.109          0          0          0          0          0          0          0          0          0          0          0          0          0          0          0          0          0          0          0          0          0          0          0          0          0          0          0          0          0          0          0          0          0          0          0          0          0          0          0          0          0          0 
    7.2175          0          0          0          0          0          0          0          0          0          0          0          0          0          0          0          0          0          0          0          0          0          0          0          0          0          0          0          0          0          0          0          0          0          0          0          0          0          0          0          0          0          0 
    7.3261          0          0          0          0          0          0          0          0          0          0          0          0          0          0          0          0          0          0          0          0          0          0          0          0          0          0          0          0          0          0          0          0          0          0          0          0          0          0          0          0          0          0 
    7.4347          0          0          0          0          0          0          0          0          0          0          0          0          0          0          0          0          0          0          0          0          0          0          0          0          0          0          0          0          0          0          0          0          0          0          0          0          0          0          0          0          0          0 
    7.5433          0          0          0          0          0          0          0          0          0          0          0          0          0          0          0          0          0          0          0          0          0          0          0          0          0          0          0          0          0          0          0          0          0          0          0          0          0          0          0          0          0          0 
    7.6518          0          0          0          0          0          0          0          0          0          0          0          0          0          0          0          0          0          0          0          0          0          0          0          0          0          0          0          0          0          0          0          0          0          0          0          0          0          0          0          0          0          0 
    7.7604          0          0          0          0          0          0          0          0          0          0          0          0          0          0          0          0          0          0          0          0          0          0          0          0          0          0          0          0          0          0          0          0          0          0          0          0          0          0          0          0          0          0 
     7.869          0          0          0          0          0          0          0          0          0          0          0          0          0          0          0          0          0          0          0          0          0          0          0          0          0          0          0          0          0          0          0          0          0          0          0          0          0          0          0          0          0          0 
    7.9775          0          0          0          0          0          0          0          0          0          0          0          0          0          0          0          0          0          0          0          0          0          0          0          0          0          0          0          0          0          0          0          0          0          0          0          0          0          0          0          0          0          0 
    8.0861          0          0          0          0          0          0          0          0          0          0          0          0          0          0          0          0          0          0          0          0          0          0          0          0          0          0          0          0          0          0          0          0          0          0          0          0          0          0          0          0          0          0 
    8.1947          0          0          0          0          0          0          0          0          0          0          0          0          0          0          0          0          0          0          0          0          0          0          0          0          0          0          0          0          0          0          0          0          0          0          0          0          0          0          0          0          0          0 
    8.3033          0          0          0          0          0          0          0          0          0          0          0          0          0          0          0          0          0          0          0          0          0          0          0          0          0          0          0          0          0          0          0          0          0          0          0          0          0          0          0          0          0          0 
    8.4118          0          0          0          0          0          0          0          0          0          0          0          0          0          0          0          0          0          0          0          0          0          0          0          0          0          0          0          0          0          0          0          0          0          0          0          0          0          0          0          0          0          0 
    8.5204          0          0          0          0          0          0          0          0          0          0          0          0          0          0          0          0          0          0          0          0          0          0          0          0          0          0          0          0          0          0          0          0          0          0          0          0          0          0          0          0          0          0 
     8.629          0          0          0          0          0          0          0          0          0          0          0          0          0          0          0          0          0          0          0          0          0          0          0          0          0          0          0          0          0          0          0          0          0          0          0          0          0          0          0          0          0          0 
    8.7376          0          0          0          0          0          0          0          0          0          0          0          0          0          0          0          0          0          0          0          0          0          0          0          0          0          0          0          0          0          0          0          0          0          0          0          0          0          0          0          0          0          0 
    8.8461          0          0          0          0          0          0          0          0          0          0          0          0          0          0          0          0          0          0          0          0          0          0          0          0          0          0          0          0          0          0          0          0          0          0          0          0          0          0          0          0          0          0 
    8.9547          0          0          0          0          0          0          0          0          0          0          0          0          0          0          0          0          0          0          0          0          0          0          0          0          0          0          0          0          0          0          0          0          0          0          0          0          0          0          0          0          0          0 
    9.0633          0          0          0          0          0          0          0          0          0          0          0          0          0          0          0          0          0          0          0          0          0          0          0          0          0          0          0          0          0          0          0          0          0          0          0          0          0          0          0          0          0          0 
    9.1719          0          0          0          0          0          0          0          0          0          0          0          0          0          0          0          0          0          0          0          0          0          0          0          0          0          0          0          0          0          0          0          0          0          0          0          0          0          0          0          0          0          0 
    9.2804          0          0          0          0          0          0          0          0          0          0          0          0          0          0          0          0          0          0          0          0          0          0          0          0          0          0          0          0          0          0          0          0          0          0          0          0          0          0          0          0          0          0 
     9.389          0          0          0          0          0          0          0          0          0          0          0          0          0          0          0          0          0          0          0          0          0          0          0          0          0          0          0          0          0          0          0          0          0          0          0          0          0          0          0          0          0          0 
    9.4976          0          0          0          0          0          0          0          0          0          0          0          0          0          0          0          0          0          0          0          0          0          0          0          0          0          0          0          0          0          0          0          0          0          0          0          0          0          0          0          0          0          0 
    9.6062          0          0          0          0          0          0          0          0          0          0          0          0          0          0          0          0          0          0          0          0          0          0          0          0          0          0          0          0          0          0          0          0          0          0          0          0          0          0          0          0          0          0 
