       -12       -nan          0          0          0          0          0          0       -nan          0          0          0          0          0          0       -nan          0          0          0          0          0          0       -nan          0          0          0          0          0          0       -nan          0          0          0          0          0          0       -nan          0          0          0          0          0          0 
   -11.891       -nan          0          0          0          0          0          0       -nan          0          0          0          0          0          0       -nan          0          0          0          0          0          0       -nan          0          0          0          0          0          0       -nan          0          0          0          0          0          0       -nan          0          0          0          0          0          0 
   -11.783       -nan          0          0          0          0          0          0       -nan          0          0          0          0          0          0       -nan          0          0          0          0          0          0       -nan          0          0          0          0          0          0       -nan          0          0          0          0          0          0       -nan          0          0          0          0          0          0 
   -11.674       -nan          0          0          0          0          0          0       -nan          0          0          0          0          0          0       -nan          0          0          0          0          0          0       -nan          0          0          0          0          0          0       -nan          0          0          0          0          0          0       -nan          0          0          0          0          0          0 
   -11.566       -nan          0          0          0          0          0          0       -nan          0          0          0          0          0          0       -nan          0          0          0          0          0          0       -nan          0          0          0          0          0          0       -nan          0          0          0          0          0          0       -nan          0          0          0          0          0          0 
   -11.457       -nan          0          0          0          0          0          0       -nan          0          0          0          0          0          0       -nan          0          0          0          0          0          0       -nan          0          0          0          0          0          0       -nan          0          0          0          0          0          0       -nan          0          0          0          0          0          0 
   -11.349       -nan          0          0          0          0          0          0       -nan          0          0          0          0          0          0       -nan          0          0          0          0          0          0       -nan          0          0          0          0          0          0       -nan          0          0          0          0          0          0       -nan          0          0          0          0          0          0 
    -11.24       -nan          0          0          0          0          0          0       -nan          0          0          0          0          0          0       -nan          0          0          0          0          0          0       -nan          0          0          0          0          0          0       -nan          0          0          0          0          0          0       -nan          0          0          0          0          0          0 
   -11.131       -nan          0          0          0          0          0          0       -nan          0          0          0          0          0          0       -nan          0          0          0          0          0          0       -nan          0          0          0          0          0          0       -nan          0          0          0          0          0          0       -nan          0          0          0          0          0          0 
   -11.023       -nan          0          0          0          0          0          0       -nan          0          0          0          0          0          0       -nan          0          0          0          0          0          0       -nan          0          0          0          0          0          0       -nan          0          0          0          0          0          0       -nan          0          0          0          0          0          0 
   -10.914       -nan          0          0          0          0          0          0       -nan          0          0          0          0          0          0       -nan          0          0          0          0          0          0       -nan          0          0          0          0          0          0       -nan          0          0          0          0          0          0       -nan          0          0          0          0          0          0 
   -10.806       -nan          0          0          0          0          0          0       -nan          0          0          0          0          0          0       -nan          0          0          0          0          0          0       -nan          0          0          0          0          0          0       -nan          0          0          0          0          0          0       -nan          0          0          0          0          0          0 
   -10.697       -nan          0          0          0          0          0          0       -nan          0          0          0          0          0          0       -nan          0          0          0          0          0          0       -nan          0          0          0          0          0          0       -nan          0          0          0          0          0          0       -nan          0          0          0          0          0          0 
   -10.589       -nan          0          0          0          0          0          0       -nan          0          0          0          0          0          0       -nan          0          0          0          0          0          0       -nan          0          0          0          0          0          0       -nan          0          0          0          0          0          0       -nan          0          0          0          0          0          0 
    -10.48       -nan          0          0          0          0          0          0       -nan          0          0          0          0          0          0       -nan          0          0          0          0          0          0       -nan          0          0          0          0          0          0       -nan          0          0          0          0          0          0       -nan          0          0          0          0          0          0 
   -10.371       -nan          0          0          0          0          0          0       -nan          0          0          0          0          0          0       -nan          0          0          0          0          0          0       -nan          0          0          0          0          0          0       -nan          0          0          0          0          0          0       -nan          0          0          0          0          0          0 
   -10.263       -nan          0          0          0          0          0          0       -nan          0          0          0          0          0          0       -nan          0          0          0          0          0          0       -nan          0          0          0          0          0          0       -nan          0          0          0          0          0          0       -nan          0          0          0          0          0          0 
   -10.154       -nan          0          0          0          0          0          0       -nan          0          0          0          0          0          0       -nan          0          0          0          0          0          0       -nan          0          0          0          0          0          0       -nan          0          0          0          0          0          0       -nan          0          0          0          0          0          0 
   -10.046       -nan          0          0          0          0          0          0       -nan          0          0          0          0          0          0       -nan          0          0          0          0          0          0       -nan          0          0          0          0          0          0       -nan          0          0          0          0          0          0       -nan          0          0          0          0          0          0 
   -9.9371       -nan          0          0          0          0          0          0       -nan          0          0          0          0          0          0       -nan          0          0          0          0          0          0       -nan          0          0          0          0          0          0       -nan          0          0          0          0          0          0       -nan          0          0          0          0          0          0 
   -9.8285       -nan          0          0          0          0          0          0       -nan          0          0          0          0          0          0       -nan          0          0          0          0          0          0       -nan          0          0          0          0          0          0       -nan          0          0          0          0          0          0       -nan          0          0          0          0          0          0 
     -9.72       -nan          0          0          0          0          0          0       -nan          0          0          0          0          0          0       -nan          0          0          0          0          0          0       -nan          0          0          0          0          0          0       -nan          0          0          0          0          0          0       -nan          0          0          0          0          0          0 
   -9.6114       -nan          0          0          0          0          0          0       -nan          0          0          0          0          0          0       -nan          0          0          0          0          0          0       -nan          0          0          0          0          0          0       -nan          0          0          0          0          0          0       -nan          0          0          0          0          0          0 
   -9.5028       -nan          0          0          0          0          0          0       -nan          0          0          0          0          0          0       -nan          0          0          0          0          0          0       -nan          0          0          0          0          0          0       -nan          0          0          0          0          0          0       -nan          0          0          0          0          0          0 
   -9.3942       -nan          0          0          0          0          0          0       -nan          0          0          0          0          0          0       -nan          0          0          0          0          0          0       -nan          0          0          0          0          0          0       -nan          0          0          0          0          0          0       -nan          0          0          0          0          0          0 
   -9.2857       -nan          0          0          0          0          0          0       -nan          0          0          0          0          0          0       -nan          0          0          0          0          0          0       -nan          0          0          0          0          0          0       -nan          0          0          0          0          0          0       -nan          0          0          0          0          0          0 
   -9.1771       -nan          0          0          0          0          0          0       -nan          0          0          0          0          0          0       -nan          0          0          0          0          0          0       -nan          0          0          0          0          0          0       -nan          0          0          0          0          0          0       -nan          0          0          0          0          0          0 
   -9.0685       -nan          0          0          0          0          0          0       -nan          0          0          0          0          0          0       -nan          0          0          0          0          0          0       -nan          0          0          0          0          0          0       -nan          0          0          0          0          0          0       -nan          0          0          0          0          0          0 
   -8.9599       -nan          0          0          0          0          0          0       -nan          0          0          0          0          0          0       -nan          0          0          0          0          0          0       -nan          0          0          0          0          0          0       -nan          0          0          0          0          0          0       -nan          0          0          0          0          0          0 
   -8.8514       -nan          0          0          0          0          0          0       -nan          0          0          0          0          0          0       -nan          0          0          0          0          0          0       -nan          0          0          0          0          0          0       -nan          0          0          0          0          0          0       -nan          0          0          0          0          0          0 
   -8.7428       -nan          0          0          0          0          0          0       -nan          0          0          0          0          0          0       -nan          0          0          0          0          0          0       -nan          0          0          0          0          0          0       -nan          0          0          0          0          0          0       -nan          0          0          0          0          0          0 
   -8.6342       -nan          0          0          0          0          0          0       -nan          0          0          0          0          0          0       -nan          0          0          0          0          0          0       -nan          0          0          0          0          0          0       -nan          0          0          0          0          0          0       -nan          0          0          0          0          0          0 
   -8.5256       -nan          0          0          0          0          0          0       -nan          0          0          0          0          0          0       -nan          0          0          0          0          0          0       -nan          0          0          0          0          0          0       -nan          0          0          0          0          0          0       -nan          0          0          0          0          0          0 
   -8.4171       -nan          0          0          0          0          0          0       -nan          0          0          0          0          0          0       -nan          0          0          0          0          0          0       -nan          0          0          0          0          0          0       -nan          0          0          0          0          0          0       -nan          0          0          0          0          0          0 
   -8.3085       -nan          0          0          0          0          0          0       -nan          0          0          0          0          0          0       -nan          0          0          0          0          0          0       -nan          0          0          0          0          0          0       -nan          0          0          0          0          0          0       -nan          0          0          0          0          0          0 
   -8.1999       -nan          0          0          0          0          0          0       -nan          0          0          0          0          0          0       -nan          0          0          0          0          0          0       -nan          0          0          0          0          0          0       -nan          0          0          0          0          0          0       -nan          0          0          0          0          0          0 
   -8.0913       -nan          0          0          0          0          0          0       -nan          0          0          0          0          0          0       -nan          0          0          0          0          0          0       -nan          0          0          0          0          0          0       -nan          0          0          0          0          0          0       -nan          0          0          0          0          0          0 
   -7.9828       -nan          0          0          0          0          0          0       -nan          0          0          0          0          0          0       -nan          0          0          0          0          0          0       -nan          0          0          0          0          0          0       -nan          0          0          0          0          0          0       -nan          0          0          0          0          0          0 
   -7.8742       -nan          0          0          0          0          0          0       -nan          0          0          0          0          0          0       -nan          0          0          0          0          0          0       -nan          0          0          0          0          0          0       -nan          0          0          0          0          0          0       -nan          0          0          0          0          0          0 
   -7.7656       -nan          0          0          0          0          0          0       -nan          0          0          0          0          0          0       -nan          0          0          0          0          0          0       -nan          0          0          0          0          0          0       -nan          0          0          0          0          0          0       -nan          0          0          0          0          0          0 
   -7.6571       -nan          0          0          0          0          0          0       -nan          0          0          0          0          0          0       -nan          0          0          0          0          0          0       -nan          0          0          0          0          0          0       -nan          0          0          0          0          0          0       -nan          0          0          0          0          0          0 
   -7.5485       -nan          0          0          0          0          0          0       -nan          0          0          0          0          0          0       -nan          0          0          0          0          0          0       -nan          0          0          0          0          0          0       -nan          0          0          0          0          0          0       -nan          0          0          0          0          0          0 
   -7.4399       -nan          0          0          0          0          0          0       -nan          0          0          0          0          0          0       -nan          0          0          0          0          0          0       -nan          0          0          0          0          0          0       -nan          0          0          0          0          0          0       -nan          0          0          0          0          0          0 
   -7.3313       -nan          0          0          0          0          0          0       -nan          0          0          0          0          0          0       -nan          0          0          0          0          0          0       -nan          0          0          0          0          0          0       -nan          0          0          0          0          0          0       -nan          0          0          0          0          0          0 
   -7.2228       -nan          0          0          0          0          0          0       -nan          0          0          0          0          0          0       -nan          0          0          0          0          0          0       -nan          0          0          0          0          0          0       -nan          0          0          0          0          0          0       -nan          0          0          0          0          0          0 
   -7.1142       -nan          0          0          0          0          0          0       -nan          0          0          0          0          0          0       -nan          0          0          0          0          0          0       -nan          0          0          0          0          0          0       -nan          0          0          0          0          0          0       -nan          0          0          0          0          0          0 
   -7.0056       -nan          0          0          0          0          0          0       -nan          0          0          0          0          0          0       -nan          0          0          0          0          0          0       -nan          0          0          0          0          0          0       -nan          0          0          0          0          0          0       -nan          0          0          0          0          0          0 
    -6.897       -nan          0          0          0          0          0          0       -nan          0          0          0          0          0          0       -nan          0          0          0          0          0          0       -nan          0          0          0          0          0          0       -nan          0          0          0          0          0          0       -nan          0          0          0          0          0          0 
   -6.7885       -nan          0          0          0          0          0          0       -nan          0          0          0          0          0          0       -nan          0          0          0          0          0          0       -nan          0          0          0          0          0          0       -nan          0          0          0          0          0          0       -nan          0          0          0          0          0          0 
   -6.6799       -nan          0          0          0          0          0          0       -nan          0          0          0          0          0          0       -nan          0          0          0          0          0          0       -nan          0          0          0          0          0          0       -nan          0          0          0          0          0          0       -nan          0          0          0          0          0          0 
   -6.5713       -nan          0          0          0          0          0          0       -nan          0          0          0          0          0          0       -nan          0          0          0          0          0          0       -nan          0          0          0          0          0          0       -nan          0          0          0          0          0          0       -nan          0          0          0          0          0          0 
   -6.4627       -nan          0          0          0          0          0          0       -nan          0          0          0          0          0          0       -nan          0          0          0          0          0          0       -nan          0          0          0          0          0          0       -nan          0          0          0          0          0          0       -nan          0          0          0          0          0          0 
   -6.3542       -nan          0          0          0          0          0          0       -nan          0          0          0          0          0          0       -nan          0          0          0          0          0          0       -nan          0          0          0          0          0          0       -nan          0          0          0          0          0          0       -nan          0          0          0          0          0          0 
   -6.2456       -nan          0          0          0          0          0          0       -nan          0          0          0          0          0          0       -nan          0          0          0          0          0          0       -nan          0          0          0          0          0          0       -nan          0          0          0          0          0          0       -nan          0          0          0          0          0          0 
    -6.137       -nan          0          0          0          0          0          0       -nan          0          0          0          0          0          0       -nan          0          0          0          0          0          0       -nan          0          0          0          0          0          0       -nan          0          0          0          0          0          0       -nan          0          0          0          0          0          0 
   -6.0285       -nan          0          0          0          0          0          0       -nan          0          0          0          0          0          0       -nan          0          0          0          0          0          0       -nan          0          0          0          0          0          0       -nan          0          0          0          0          0          0       -nan          0          0          0          0          0          0 
   -5.9199       -nan          0          0          0          0          0          0       -nan          0          0          0          0          0          0       -nan          0          0          0          0          0          0       -nan          0          0          0          0          0          0       -nan          0          0          0          0          0          0       -nan          0          0          0          0          0          0 
   -5.8113       -nan          0          0          0          0          0          0       -nan          0          0          0          0          0          0       -nan          0          0          0          0          0          0       -nan          0          0          0          0          0          0       -nan          0          0          0          0          0          0       -nan          0          0          0          0          0          0 
   -5.7027       -nan          0          0          0          0          0          0       -nan          0          0          0          0          0          0       -nan          0          0          0          0          0          0       -nan          0          0          0          0          0          0       -nan          0          0          0          0          0          0       -nan          0          0          0          0          0          0 
   -5.5942       -nan          0          0          0          0          0          0       -nan          0          0          0          0          0          0       -nan          0          0          0          0          0          0       -nan          0          0          0          0          0          0       -nan          0          0          0          0          0          0       -nan          0          0          0          0          0          0 
   -5.4856       -nan          0          0          0          0          0          0       -nan          0          0          0          0          0          0       -nan          0          0          0          0          0          0       -nan          0          0          0          0          0          0       -nan          0          0          0          0          0          0       -nan          0          0          0          0          0          0 
    -5.377       -nan          0          0          0          0          0          0       -nan          0          0          0          0          0          0       -nan          0          0          0          0          0          0       -nan          0          0          0          0          0          0       -nan          0          0          0          0          0          0       -nan          0          0          0          0          0          0 
   -5.2684       -nan          0          0          0          0          0          0       -nan          0          0          0          0          0          0       -nan          0          0          0          0          0          0       -nan          0          0          0          0          0          0       -nan          0          0          0          0          0          0       -nan          0          0          0          0          0          0 
   -5.1599       -nan          0          0          0          0          0          0       -nan          0          0          0          0          0          0       -nan          0          0          0          0          0          0       -nan          0          0          0          0          0          0       -nan          0          0          0          0          0          0       -nan          0          0          0          0          0          0 
   -5.0513       -nan          0          0          0          0          0          0       -nan          0          0          0          0          0          0       -nan          0          0          0          0          0          0       -nan          0          0          0          0          0          0       -nan          0          0          0          0          0          0       -nan          0          0          0          0          0          0 
   -4.9427       -nan          0          0          0          0          0          0       -nan          0          0          0          0          0          0       -nan          0          0          0          0          0          0       -nan          0          0          0          0          0          0       -nan          0          0          0          0          0          0       -nan          0          0          0          0          0          0 
   -4.8341       -nan          0          0          0          0          0          0       -nan          0          0          0          0          0          0       -nan          0          0          0          0          0          0       -nan          0          0          0          0          0          0       -nan          0          0          0          0          0          0       -nan          0          0          0          0          0          0 
   -4.7256       -nan          0          0          0          0          0          0       -nan          0          0          0          0          0          0       -nan          0          0          0          0          0          0       -nan          0          0          0          0          0          0       -nan          0          0          0          0          0          0       -nan          0          0          0          0          0          0 
    -4.617       -nan          0          0          0          0          0          0       -nan          0          0          0          0          0          0       -nan          0          0          0          0          0          0       -nan          0          0          0          0          0          0       -nan          0          0          0          0          0          0       -nan          0          0          0          0          0          0 
   -4.5084       -nan          0          0          0          0          0          0       -nan          0          0          0          0          0          0       -nan          0          0          0          0          0          0       -nan          0          0          0          0          0          0       -nan          0          0          0          0          0          0       -nan          0          0          0          0          0          0 
   -4.3998       -nan          0          0          0          0          0          0       -nan          0          0          0          0          0          0       -nan          0          0          0          0          0          0       -nan          0          0          0          0          0          0       -nan          0          0          0          0          0          0       -nan          0          0          0          0          0          0 
   -4.2913       -nan          0          0          0          0          0          0       -nan          0          0          0          0          0          0       -nan          0          0          0          0          0          0       -nan          0          0          0          0          0          0       -nan          0          0          0          0          0          0       -nan          0          0          0          0          0          0 
   -4.1827       -nan          0          0          0          0          0          0       -nan          0          0          0          0          0          0       -nan          0          0          0          0          0          0       -nan          0          0          0          0          0          0       -nan          0          0          0          0          0          0       -nan          0          0          0          0          0          0 
   -4.0741       -nan          0          0          0          0          0          0       -nan          0          0          0          0          0          0       -nan          0          0          0          0          0          0       -nan          0          0          0          0          0          0       -nan          0          0          0          0          0          0       -nan          0          0          0          0          0          0 
   -3.9656       -nan          0          0          0          0          0          0       -nan          0          0          0          0          0          0       -nan          0          0          0          0          0          0       -nan          0          0          0          0          0          0       -nan          0          0          0          0          0          0       -nan          0          0          0          0          0          0 
    -3.857       -nan          0          0          0          0          0          0       -nan          0          0          0          0          0          0       -nan          0          0          0          0          0          0       -nan          0          0          0          0          0          0       -nan          0          0          0          0          0          0       -nan          0          0          0          0          0          0 
   -3.7484       -nan          0          0          0          0          0          0       -nan          0          0          0          0          0          0       -nan          0          0          0          0          0          0       -nan          0          0          0          0          0          0       -nan          0          0          0          0          0          0       -nan          0          0          0          0          0          0 
   -3.6398       -nan          0          0          0          0          0          0       -nan          0          0          0          0          0          0       -nan          0          0          0          0          0          0       -nan          0          0          0          0          0          0       -nan          0          0          0          0          0          0       -nan          0          0          0          0          0          0 
   -3.5313       -nan          0          0          0          0          0          0       -nan          0          0          0          0          0          0       -nan          0          0          0          0          0          0       -nan          0          0          0          0          0          0       -nan          0          0          0          0          0          0       -nan          0          0          0          0          0          0 
   -3.4227       -nan          0          0          0          0          0          0       -nan          0          0          0          0          0          0       -nan          0          0          0          0          0          0       -nan          0          0          0          0          0          0       -nan          0          0          0          0          0          0       -nan          0          0          0          0          0          0 
   -3.3141       -nan          0          0          0          0          0          0       -nan          0          0          0          0          0          0       -nan          0          0          0          0          0          0       -nan          0          0          0          0          0          0       -nan          0          0          0          0          0          0       -nan          0          0          0          0          0          0 
   -3.2055       -nan          0          0          0          0          0          0       -nan          0          0          0          0          0          0       -nan          0          0          0          0          0          0       -nan          0          0          0          0          0          0       -nan          0          0          0          0          0          0       -nan          0          0          0          0          0          0 
    -3.097       -nan          0          0          0          0          0          0       -nan          0          0          0          0          0          0       -nan          0          0          0          0          0          0       -nan          0          0          0          0          0          0       -nan          0          0          0          0          0          0       -nan          0          0          0          0          0          0 
   -2.9884       -nan          0          0          0          0          0          0       -nan          0          0          0          0          0          0       -nan          0          0          0          0          0          0       -nan          0          0          0          0          0          0       -nan          0          0          0          0          0          0       -nan          0          0          0          0          0          0 
   -2.8798       -nan          0          0          0          0          0          0       -nan          0          0          0          0          0          0       -nan          0          0          0          0          0          0       -nan          0          0          0          0          0          0       -nan          0          0          0          0          0          0       -nan          0          0          0          0          0          0 
   -2.7712       -nan          0          0          0          0          0          0       -nan          0          0          0          0          0          0       -nan          0          0          0          0          0          0       -nan          0          0          0          0          0          0       -nan          0          0          0          0          0          0       -nan          0          0          0          0          0          0 
   -2.6627       -nan          0          0          0          0          0          0       -nan          0          0          0          0          0          0       -nan          0          0          0          0          0          0       -nan          0          0          0          0          0          0       -nan          0          0          0          0          0          0       -nan          0          0          0          0          0          0 
   -2.5541       -nan          0          0          0          0          0          0       -nan          0          0          0          0          0          0       -nan          0          0          0          0          0          0       -nan          0          0          0          0          0          0       -nan          0          0          0          0          0          0       -nan          0          0          0          0          0          0 
   -2.4455       -nan          0          0          0          0          0          0       -nan          0          0          0          0          0          0       -nan          0          0          0          0          0          0       -nan          0          0          0          0          0          0       -nan          0          0          0          0          0          0       -nan          0          0          0          0          0          0 
   -2.3369       -nan          0          0          0          0          0          0       -nan          0          0          0          0          0          0       -nan          0          0          0          0          0          0       -nan          0          0          0          0          0          0       -nan          0          0          0          0          0          0       -nan          0          0          0          0          0          0 
   -2.2284       -nan          0          0          0          0          0          0       -nan          0          0          0          0          0          0       -nan          0          0          0          0          0          0       -nan          0          0          0          0          0          0       -nan          0          0          0          0          0          0       -nan          0          0          0          0          0          0 
   -2.1198       -nan          0          0          0          0          0          0       -nan          0          0          0          0          0          0       -nan          0          0          0          0          0          0       -nan          0          0          0          0          0          0       -nan          0          0          0          0          0          0       -nan          0          0          0          0          0          0 
   -2.0112       -nan          0          0          0          0          0          0       -nan          0          0          0          0          0          0       -nan          0          0          0          0          0          0       -nan          0          0          0          0          0          0       -nan          0          0          0          0          0          0       -nan          0          0          0          0          0          0 
   -1.9027       -nan          0          0          0          0          0          0       -nan          0          0          0          0          0          0       -nan          0          0          0          0          0          0       -nan          0          0          0          0          0          0       -nan          0          0          0          0          0          0       -nan          0          0          0          0          0          0 
   -1.7941       -nan          0          0          0          0          0          0       -nan          0          0          0          0          0          0       -nan          0          0          0          0          0          0       -nan          0          0          0          0          0          0       -nan          0          0          0          0          0          0       -nan          0          0          0          0          0          0 
   -1.6855       -nan          0          0          0          0          0          0       -nan          0          0          0          0          0          0       -nan          0          0          0          0          0          0       -nan          0          0          0          0          0          0       -nan          0          0          0          0          0          0       -nan          0          0          0          0          0          0 
   -1.5769       -nan          0          0          0          0          0          0       -nan          0          0          0          0          0          0       -nan          0          0          0          0          0          0       -nan          0          0          0          0          0          0       -nan          0          0          0          0          0          0       -nan          0          0          0          0          0          0 
   -1.4684       -nan          0          0          0          0          0          0       -nan          0          0          0          0          0          0       -nan          0          0          0          0          0          0       -nan          0          0          0          0          0          0       -nan          0          0          0          0          0          0       -nan          0          0          0          0          0          0 
   -1.3598       -nan          0          0          0          0          0          0       -nan          0          0          0          0          0          0       -nan          0          0          0          0          0          0       -nan          0          0          0          0          0          0       -nan          0          0          0          0          0          0       -nan          0          0          0          0          0          0 
   -1.2512       -nan          0          0          0          0          0          0       -nan          0          0          0          0          0          0       -nan          0          0          0          0          0          0       -nan          0          0          0          0          0          0       -nan          0          0          0          0          0          0       -nan          0          0          0          0          0          0 
   -1.1426       -nan          0          0          0          0          0          0       -nan          0          0          0          0          0          0       -nan          0          0          0          0          0          0       -nan          0          0          0          0          0          0       -nan          0          0          0          0          0          0       -nan          0          0          0          0          0          0 
   -1.0341       -nan          0          0          0          0          0          0       -nan          0          0          0          0          0          0       -nan          0          0          0          0          0          0       -nan          0          0          0          0          0          0       -nan          0          0          0          0          0          0       -nan          0          0          0          0          0          0 
  -0.92549       -nan          0          0          0          0          0          0       -nan          0          0          0          0          0          0       -nan          0          0          0          0          0          0       -nan          0          0          0          0          0          0       -nan          0          0          0          0          0          0       -nan          0          0          0          0          0          0 
  -0.81692       -nan          0          0          0          0          0          0       -nan          0          0          0          0          0          0       -nan          0          0          0          0          0          0       -nan          0          0          0          0          0          0       -nan          0          0          0          0          0          0       -nan          0          0          0          0          0          0 
  -0.70834       -nan          0          0          0          0          0          0       -nan          0          0          0          0          0          0       -nan          0          0          0          0          0          0       -nan          0          0          0          0          0          0       -nan          0          0          0          0          0          0       -nan          0          0          0          0          0          0 
  -0.59977       -nan          0          0          0          0          0          0       -nan          0          0          0          0          0          0       -nan          0          0          0          0          0          0       -nan          0          0          0          0          0          0       -nan          0          0          0          0          0          0       -nan          0          0          0          0          0          0 
   -0.4912       -nan          0          0          0          0          0          0       -nan          0          0          0          0          0          0       -nan          0          0          0          0          0          0       -nan          0          0          0          0          0          0       -nan          0          0          0          0          0          0       -nan          0          0          0          0          0          0 
  -0.38262       -nan          0          0          0          0          0          0       -nan          0          0          0          0          0          0       -nan          0          0          0          0          0          0       -nan          0          0          0          0          0          0       -nan          0          0          0          0          0          0       -nan          0          0          0          0          0          0 
  -0.27405       -nan          0          0          0          0          0          0       -nan          0          0          0          0          0          0       -nan          0          0          0          0          0          0       -nan          0          0          0          0          0          0       -nan          0          0          0          0          0          0       -nan          0          0          0          0          0          0 
  -0.16548       -nan          0          0          0          0          0          0       -nan          0          0          0          0          0          0       -nan          0          0          0          0          0          0       -nan          0          0          0          0          0          0       -nan          0          0          0          0          0          0       -nan          0          0          0          0          0          0 
 -0.056902       -nan          0          0          0          0          0          0       -nan          0          0          0          0          0          0       -nan          0          0          0          0          0          0       -nan          0          0          0          0          0          0       -nan          0          0          0          0          0          0       -nan          0          0          0          0          0          0 
  0.051672       -nan          0          0          0          0          0          0       -nan          0          0          0          0          0          0       -nan          0          0          0          0          0          0       -nan          0          0          0          0          0          0       -nan          0          0          0          0          0          0       -nan          0          0          0          0          0          0 
   0.16025       -nan          0          0          0          0          0          0       -nan          0          0          0          0          0          0       -nan          0          0          0          0          0          0       -nan          0          0          0          0          0          0       -nan          0          0          0          0          0          0       -nan          0          0          0          0          0          0 
   0.26882       -nan          0          0          0          0          0          0       -nan          0          0          0          0          0          0       -nan          0          0          0          0          0          0       -nan          0          0          0          0          0          0       -nan          0          0          0          0          0          0       -nan          0          0          0          0          0          0 
   0.37739       -nan          0          0          0          0          0          0       -nan          0          0          0          0          0          0       -nan          0          0          0          0          0          0       -nan          0          0          0          0          0          0       -nan          0          0          0          0          0          0       -nan          0          0          0          0          0          0 
   0.48597       -nan          0          0          0          0          0          0       -nan          0          0          0          0          0          0       -nan          0          0          0          0          0          0       -nan          0          0          0          0          0          0       -nan          0          0          0          0          0          0       -nan          0          0          0          0          0          0 
   0.59454       -nan          0          0          0          0          0          0       -nan          0          0          0          0          0          0       -nan          0          0          0          0          0          0       -nan          0          0          0          0          0          0       -nan          0          0          0          0          0          0       -nan          0          0          0          0          0          0 
   0.70311       -nan          0          0          0          0          0          0       -nan          0          0          0          0          0          0       -nan          0          0          0          0          0          0       -nan          0          0          0          0          0          0       -nan          0          0          0          0          0          0       -nan          0          0          0          0          0          0 
   0.81169       -nan          0          0          0          0          0          0       -nan          0          0          0          0          0          0       -nan          0          0          0          0          0          0       -nan          0          0          0          0          0          0       -nan          0          0          0          0          0          0       -nan          0          0          0          0          0          0 
   0.92026       -nan          0          0          0          0          0          0       -nan          0          0          0          0          0          0       -nan          0          0          0          0          0          0       -nan          0          0          0          0          0          0       -nan          0          0          0          0          0          0       -nan          0          0          0          0          0          0 
    1.0288       -nan          0          0          0          0          0          0       -nan          0          0          0          0          0          0       -nan          0          0          0          0          0          0       -nan          0          0          0          0          0          0       -nan          0          0          0          0          0          0       -nan          0          0          0          0          0          0 
    1.1374       -nan          0          0          0          0          0          0       -nan          0          0          0          0          0          0       -nan          0          0          0          0          0          0       -nan          0          0          0          0          0          0       -nan          0          0          0          0          0          0       -nan          0          0          0          0          0          0 
     1.246       -nan          0          0          0          0          0          0       -nan          0          0          0          0          0          0       -nan          0          0          0          0          0          0       -nan          0          0          0          0          0          0       -nan          0          0          0          0          0          0       -nan          0          0          0          0          0          0 
    1.3546       -nan          0          0          0          0          0          0       -nan          0          0          0          0          0          0       -nan          0          0          0          0          0          0       -nan          0          0          0          0          0          0       -nan          0          0          0          0          0          0       -nan          0          0          0          0          0          0 
    1.4631       -nan          0          0          0          0          0          0       -nan          0          0          0          0          0          0       -nan          0          0          0          0          0          0       -nan          0          0          0          0          0          0       -nan          0          0          0          0          0          0       -nan          0          0          0          0          0          0 
    1.5717       -nan          0          0          0          0          0          0       -nan          0          0          0          0          0          0       -nan          0          0          0          0          0          0       -nan          0          0          0          0          0          0       -nan          0          0          0          0          0          0       -nan          0          0          0          0          0          0 
    1.6803       -nan          0          0          0          0          0          0       -nan          0          0          0          0          0          0       -nan          0          0          0          0          0          0       -nan          0          0          0          0          0          0       -nan          0          0          0          0          0          0       -nan          0          0          0          0          0          0 
    1.7888       -nan          0          0          0          0          0          0       -nan          0          0          0          0          0          0       -nan          0          0          0          0          0          0       -nan          0          0          0          0          0          0       -nan          0          0          0          0          0          0       -nan          0          0          0          0          0          0 
    1.8974       -nan          0          0          0          0          0          0       -nan          0          0          0          0          0          0       -nan          0          0          0          0          0          0       -nan          0          0          0          0          0          0       -nan          0          0          0          0          0          0       -nan          0          0          0          0          0          0 
     2.006       -nan          0          0          0          0          0          0       -nan          0          0          0          0          0          0       -nan          0          0          0          0          0          0       -nan          0          0          0          0          0          0       -nan          0          0          0          0          0          0       -nan          0          0          0          0          0          0 
    2.1146       -nan          0          0          0          0          0          0       -nan          0          0          0          0          0          0       -nan          0          0          0          0          0          0       -nan          0          0          0          0          0          0       -nan          0          0          0          0          0          0       -nan          0          0          0          0          0          0 
    2.2231       -nan          0          0          0          0          0          0       -nan          0          0          0          0          0          0       -nan          0          0          0          0          0          0       -nan          0          0          0          0          0          0       -nan          0          0          0          0          0          0       -nan          0          0          0          0          0          0 
    2.3317       -nan          0          0          0          0          0          0       -nan          0          0          0          0          0          0       -nan          0          0          0          0          0          0       -nan          0          0          0          0          0          0       -nan          0          0          0          0          0          0       -nan          0          0          0          0          0          0 
    2.4403       -nan          0          0          0          0          0          0       -nan          0          0          0          0          0          0       -nan          0          0          0          0          0          0       -nan          0          0          0          0          0          0       -nan          0          0          0          0          0          0       -nan          0          0          0          0          0          0 
    2.5489       -nan          0          0          0          0          0          0       -nan          0          0          0          0          0          0       -nan          0          0          0          0          0          0       -nan          0          0          0          0          0          0       -nan          0          0          0          0          0          0       -nan          0          0          0          0          0          0 
    2.6574       -nan          0          0          0          0          0          0       -nan          0          0          0          0          0          0       -nan          0          0          0          0          0          0       -nan          0          0          0          0          0          0       -nan          0          0          0          0          0          0       -nan          0          0          0          0          0          0 
     2.766       -nan          0          0          0          0          0          0       -nan          0          0          0          0          0          0       -nan          0          0          0          0          0          0       -nan          0          0          0          0          0          0       -nan          0          0          0          0          0          0       -nan          0          0          0          0          0          0 
    2.8746       -nan          0          0          0          0          0          0       -nan          0          0          0          0          0          0       -nan          0          0          0          0          0          0       -nan          0          0          0          0          0          0       -nan          0          0          0          0          0          0       -nan          0          0          0          0          0          0 
    2.9832       -nan          0          0          0          0          0          0       -nan          0          0          0          0          0          0       -nan          0          0          0          0          0          0       -nan          0          0          0          0          0          0       -nan          0          0          0          0          0          0       -nan          0          0          0          0          0          0 
    3.0917       -nan          0          0          0          0          0          0       -nan          0          0          0          0          0          0       -nan          0          0          0          0          0          0       -nan          0          0          0          0          0          0       -nan          0          0          0          0          0          0       -nan          0          0          0          0          0          0 
    3.2003       -nan          0          0          0          0          0          0       -nan          0          0          0          0          0          0       -nan          0          0          0          0          0          0       -nan          0          0          0          0          0          0       -nan          0          0          0          0          0          0       -nan          0          0          0          0          0          0 
    3.3089       -nan          0          0          0          0          0          0       -nan          0          0          0          0          0          0       -nan          0          0          0          0          0          0       -nan          0          0          0          0          0          0       -nan          0          0          0          0          0          0       -nan          0          0          0          0          0          0 
    3.4175       -nan          0          0          0          0          0          0       -nan          0          0          0          0          0          0       -nan          0          0          0          0          0          0       -nan          0          0          0          0          0          0       -nan          0          0          0          0          0          0       -nan          0          0          0          0          0          0 
     3.526       -nan          0          0          0          0          0          0       -nan          0          0          0          0          0          0       -nan          0          0          0          0          0          0       -nan          0          0          0          0          0          0       -nan          0          0          0          0          0          0       -nan          0          0          0          0          0          0 
    3.6346       -nan          0          0          0          0          0          0       -nan          0          0          0          0          0          0       -nan          0          0          0          0          0          0       -nan          0          0          0          0          0          0       -nan          0          0          0          0          0          0       -nan          0          0          0          0          0          0 
    3.7432       -nan          0          0          0          0          0          0       -nan          0          0          0          0          0          0       -nan          0          0          0          0          0          0       -nan          0          0          0          0          0          0       -nan          0          0          0          0          0          0       -nan          0          0          0          0          0          0 
    3.8517       -nan          0          0          0          0          0          0       -nan          0          0          0          0          0          0       -nan          0          0          0          0          0          0       -nan          0          0          0          0          0          0       -nan          0          0          0          0          0          0       -nan          0          0          0          0          0          0 
    3.9603       -nan          0          0          0          0          0          0       -nan          0          0          0          0          0          0       -nan          0          0          0          0          0          0       -nan          0          0          0          0          0          0       -nan          0          0          0          0          0          0       -nan          0          0          0          0          0          0 
    4.0689       -nan          0          0          0          0          0          0       -nan          0          0          0          0          0          0       -nan          0          0          0          0          0          0       -nan          0          0          0          0          0          0       -nan          0          0          0          0          0          0       -nan          0          0          0          0          0          0 
    4.1775       -nan          0          0          0          0          0          0       -nan          0          0          0          0          0          0       -nan          0          0          0          0          0          0       -nan          0          0          0          0          0          0       -nan          0          0          0          0          0          0       -nan          0          0          0          0          0          0 
     4.286       -nan          0          0          0          0          0          0       -nan          0          0          0          0          0          0       -nan          0          0          0          0          0          0       -nan          0          0          0          0          0          0       -nan          0          0          0          0          0          0       -nan          0          0          0          0          0          0 
    4.3946       -nan          0          0          0          0          0          0       -nan          0          0          0          0          0          0       -nan          0          0          0          0          0          0       -nan          0          0          0          0          0          0       -nan          0          0          0          0          0          0       -nan          0          0          0          0          0          0 
    4.5032       -nan          0          0          0          0          0          0       -nan          0          0          0          0          0          0       -nan          0          0          0          0          0          0       -nan          0          0          0          0          0          0       -nan          0          0          0          0          0          0       -nan          0          0          0          0          0          0 
    4.6118       -nan          0          0          0          0          0          0       -nan          0          0          0          0          0          0       -nan          0          0          0          0          0          0       -nan          0          0          0          0          0          0       -nan          0          0          0          0          0          0       -nan          0          0          0          0          0          0 
    4.7203       -nan          0          0          0          0          0          0       -nan          0          0          0          0          0          0       -nan          0          0          0          0          0          0       -nan          0          0          0          0          0          0       -nan          0          0          0          0          0          0       -nan          0          0          0          0          0          0 
    4.8289       -nan          0          0          0          0          0          0       -nan          0          0          0          0          0          0       -nan          0          0          0          0          0          0       -nan          0          0          0          0          0          0       -nan          0          0          0          0          0          0       -nan          0          0          0          0          0          0 
    4.9375       -nan          0          0          0          0          0          0       -nan          0          0          0          0          0          0       -nan          0          0          0          0          0          0       -nan          0          0          0          0          0          0       -nan          0          0          0          0          0          0       -nan          0          0          0          0          0          0 
    5.0461       -nan          0          0          0          0          0          0       -nan          0          0          0          0          0          0       -nan          0          0          0          0          0          0       -nan          0          0          0          0          0          0       -nan          0          0          0          0          0          0       -nan          0          0          0          0          0          0 
    5.1546       -nan          0          0          0          0          0          0       -nan          0          0          0          0          0          0       -nan          0          0          0          0          0          0       -nan          0          0          0          0          0          0       -nan          0          0          0          0          0          0       -nan          0          0          0          0          0          0 
    5.2632       -nan          0          0          0          0          0          0       -nan          0          0          0          0          0          0       -nan          0          0          0          0          0          0       -nan          0          0          0          0          0          0       -nan          0          0          0          0          0          0       -nan          0          0          0          0          0          0 
    5.3718       -nan          0          0          0          0          0          0       -nan          0          0          0          0          0          0       -nan          0          0          0          0          0          0       -nan          0          0          0          0          0          0       -nan          0          0          0          0          0          0       -nan          0          0          0          0          0          0 
    5.4804       -nan          0          0          0          0          0          0       -nan          0          0          0          0          0          0       -nan          0          0          0          0          0          0       -nan          0          0          0          0          0          0       -nan          0          0          0          0          0          0       -nan          0          0          0          0          0          0 
    5.5889       -nan          0          0          0          0          0          0       -nan          0          0          0          0          0          0       -nan          0          0          0          0          0          0       -nan          0          0          0          0          0          0       -nan          0          0          0          0          0          0       -nan          0          0          0          0          0          0 
    5.6975       -nan          0          0          0          0          0          0       -nan          0          0          0          0          0          0       -nan          0          0          0          0          0          0       -nan          0          0          0          0          0          0       -nan          0          0          0          0          0          0       -nan          0          0          0          0          0          0 
    5.8061       -nan          0          0          0          0          0          0       -nan          0          0          0          0          0          0       -nan          0          0          0          0          0          0       -nan          0          0          0          0          0          0       -nan          0          0          0          0          0          0       -nan          0          0          0          0          0          0 
    5.9146       -nan          0          0          0          0          0          0       -nan          0          0          0          0          0          0       -nan          0          0          0          0          0          0       -nan          0          0          0          0          0          0       -nan          0          0          0          0          0          0       -nan          0          0          0          0          0          0 
    6.0232       -nan          0          0          0          0          0          0       -nan          0          0          0          0          0          0       -nan          0          0          0          0          0          0       -nan          0          0          0          0          0          0       -nan          0          0          0          0          0          0       -nan          0          0          0          0          0          0 
    6.1318       -nan          0          0          0          0          0          0       -nan          0          0          0          0          0          0       -nan          0          0          0          0          0          0       -nan          0          0          0          0          0          0       -nan          0          0          0          0          0          0       -nan          0          0          0          0          0          0 
    6.2404       -nan          0          0          0          0          0          0       -nan          0          0          0          0          0          0       -nan          0          0          0          0          0          0       -nan          0          0          0          0          0          0       -nan          0          0          0          0          0          0       -nan          0          0          0          0          0          0 
    6.3489       -nan          0          0          0          0          0          0       -nan          0          0          0          0          0          0       -nan          0          0          0          0          0          0       -nan          0          0          0          0          0          0       -nan          0          0          0          0          0          0       -nan          0          0          0          0          0          0 
    6.4575       -nan          0          0          0          0          0          0       -nan          0          0          0          0          0          0       -nan          0          0          0          0          0          0       -nan          0          0          0          0          0          0       -nan          0          0          0          0          0          0       -nan          0          0          0          0          0          0 
    6.5661       -nan          0          0          0          0          0          0       -nan          0          0          0          0          0          0       -nan          0          0          0          0          0          0       -nan          0          0          0          0          0          0       -nan          0          0          0          0          0          0       -nan          0          0          0          0          0          0 
    6.6747       -nan          0          0          0          0          0          0       -nan          0          0          0          0          0          0       -nan          0          0          0          0          0          0       -nan          0          0          0          0          0          0       -nan          0          0          0          0          0          0       -nan          0          0          0          0          0          0 
    6.7832       -nan          0          0          0          0          0          0       -nan          0          0          0          0          0          0       -nan          0          0          0          0          0          0       -nan          0          0          0          0          0          0       -nan          0          0          0          0          0          0       -nan          0          0          0          0          0          0 
    6.8918       -nan          0          0          0          0          0          0       -nan          0          0          0          0          0          0       -nan          0          0          0          0          0          0       -nan          0          0          0          0          0          0       -nan          0          0          0          0          0          0       -nan          0          0          0          0          0          0 
    7.0004       -nan          0          0          0          0          0          0       -nan          0          0          0          0          0          0       -nan          0          0          0          0          0          0       -nan          0          0          0          0          0          0       -nan          0          0          0          0          0          0       -nan          0          0          0          0          0          0 
     7.109       -nan          0          0          0          0          0          0       -nan          0          0          0          0          0          0       -nan          0          0          0          0          0          0       -nan          0          0          0          0          0          0       -nan          0          0          0          0          0          0       -nan          0          0          0          0          0          0 
    7.2175       -nan          0          0          0          0          0          0       -nan          0          0          0          0          0          0       -nan          0          0          0          0          0          0       -nan          0          0          0          0          0          0       -nan          0          0          0          0          0          0       -nan          0          0          0          0          0          0 
    7.3261       -nan          0          0          0          0          0          0       -nan          0          0          0          0          0          0       -nan          0          0          0          0          0          0       -nan          0          0          0          0          0          0       -nan          0          0          0          0          0          0       -nan          0          0          0          0          0          0 
    7.4347       -nan          0          0          0          0          0          0       -nan          0          0          0          0          0          0       -nan          0          0          0          0          0          0       -nan          0          0          0          0          0          0       -nan          0          0          0          0          0          0       -nan          0          0          0          0          0          0 
    7.5433       -nan          0          0          0          0          0          0       -nan          0          0          0          0          0          0       -nan          0          0          0          0          0          0       -nan          0          0          0          0          0          0       -nan          0          0          0          0          0          0       -nan          0          0          0          0          0          0 
    7.6518       -nan          0          0          0          0          0          0       -nan          0          0          0          0          0          0       -nan          0          0          0          0          0          0       -nan          0          0          0          0          0          0       -nan          0          0          0          0          0          0       -nan          0          0          0          0          0          0 
    7.7604       -nan          0          0          0          0          0          0       -nan          0          0          0          0          0          0       -nan          0          0          0          0          0          0       -nan          0          0          0          0          0          0       -nan          0          0          0          0          0          0       -nan          0          0          0          0          0          0 
     7.869       -nan          0          0          0          0          0          0       -nan          0          0          0          0          0          0       -nan          0          0          0          0          0          0       -nan          0          0          0          0          0          0       -nan          0          0          0          0          0          0       -nan          0          0          0          0          0          0 
    7.9775       -nan          0          0          0          0          0          0       -nan          0          0          0          0          0          0       -nan          0          0          0          0          0          0       -nan          0          0          0          0          0          0       -nan          0          0          0          0          0          0       -nan          0          0          0          0          0          0 
    8.0861       -nan          0          0          0          0          0          0       -nan          0          0          0          0          0          0       -nan          0          0          0          0          0          0       -nan          0          0          0          0          0          0       -nan          0          0          0          0          0          0       -nan          0          0          0          0          0          0 
    8.1947       -nan          0          0          0          0          0          0       -nan          0          0          0          0          0          0       -nan          0          0          0          0          0          0       -nan          0          0          0          0          0          0       -nan          0          0          0          0          0          0       -nan          0          0          0          0          0          0 
    8.3033       -nan          0          0          0          0          0          0       -nan          0          0          0          0          0          0       -nan          0          0          0          0          0          0       -nan          0          0          0          0          0          0       -nan          0          0          0          0          0          0       -nan          0          0          0          0          0          0 
    8.4118       -nan          0          0          0          0          0          0       -nan          0          0          0          0          0          0       -nan          0          0          0          0          0          0       -nan          0          0          0          0          0          0       -nan          0          0          0          0          0          0       -nan          0          0          0          0          0          0 
    8.5204       -nan          0          0          0          0          0          0       -nan          0          0          0          0          0          0       -nan          0          0          0          0          0          0       -nan          0          0          0          0          0          0       -nan          0          0          0          0          0          0       -nan          0          0          0          0          0          0 
     8.629       -nan          0          0          0          0          0          0       -nan          0          0          0          0          0          0       -nan          0          0          0          0          0          0       -nan          0          0          0          0          0          0       -nan          0          0          0          0          0          0       -nan          0          0          0          0          0          0 
    8.7376       -nan          0          0          0          0          0          0       -nan          0          0          0          0          0          0       -nan          0          0          0          0          0          0       -nan          0          0          0          0          0          0       -nan          0          0          0          0          0          0       -nan          0          0          0          0          0          0 
    8.8461       -nan          0          0          0          0          0          0       -nan          0          0          0          0          0          0       -nan          0          0          0          0          0          0       -nan          0          0          0          0          0          0       -nan          0          0          0          0          0          0       -nan          0          0          0          0          0          0 
    8.9547       -nan          0          0          0          0          0          0       -nan          0          0          0          0          0          0       -nan          0          0          0          0          0          0       -nan          0          0          0          0          0          0       -nan          0          0          0          0          0          0       -nan          0          0          0          0          0          0 
    9.0633       -nan          0          0          0          0          0          0       -nan          0          0          0          0          0          0       -nan          0          0          0          0          0          0       -nan          0          0          0          0          0          0       -nan          0          0          0          0          0          0       -nan          0          0          0          0          0          0 
    9.1719       -nan          0          0          0          0          0          0       -nan          0          0          0          0          0          0       -nan          0          0          0          0          0          0       -nan          0          0          0          0          0          0       -nan          0          0          0          0          0          0       -nan          0          0          0          0          0          0 
    9.2804       -nan          0          0          0          0          0          0       -nan          0          0          0          0          0          0       -nan          0          0          0          0          0          0       -nan          0          0          0          0          0          0       -nan          0          0          0          0          0          0       -nan          0          0          0          0          0          0 
     9.389       -nan          0          0          0          0          0          0       -nan          0          0          0          0          0          0       -nan          0          0          0          0          0          0       -nan          0          0          0          0          0          0       -nan          0          0          0          0          0          0       -nan          0          0          0          0          0          0 
    9.4976       -nan          0          0          0          0          0          0       -nan          0          0          0          0          0          0       -nan          0          0          0          0          0          0       -nan          0          0          0          0          0          0       -nan          0          0          0          0          0          0       -nan          0          0          0          0          0          0 
    9.6062       -nan          0          0          0          0          0          0       -nan          0          0          0          0          0          0       -nan          0          0          0          0          0          0       -nan          0          0          0          0          0          0       -nan          0          0          0          0          0          0       -nan          0          0          0          0          0          0 
